Data/gpw_v4_population_density_rev11_2010_30_min_origin.asc
ncols         720
nrows         360
xllcorner     -180
yllcorner     -90
cellsize      0.5
NODATA_value  -9999
[rows 96 to 127 of 360, columns 576 to 647 of 720]
8.535005 7.030407 1.12418 10.59341 16.05222 9.17496 10.92999 31.26846 18.75408 18.4881 57.47334 59.27685 58.5997 65.11805 38.82427 61.16868 22.49116 15.02498 36.33285 104.1452 49.49383 90.83048 175.5145 74.87919 316.8306 155.484 155.0233 379.775 248.4487 229.95 2473.376 870.6253 87.81969 56.79206 53.9697 238.3869 237.9523 105.2877 33.70686 10.29969 21.99607 41.7011 55.16947 240.4314 429.6978 -9999 -9999 -9999 -9999 -9999 -9999 -9999 -9999 -9999 -9999 -9999 -9999 -9999 -9999 -9999 -9999 -9999 29.54828 28.51468 25.69528 250.7052 411.2402 -9999 -9999 -9999 19.01297 -9999
81.73549 33.16535 13.00807 17.91877 29.21989 14.58894 31.99065 33.29916 24.37824 38.91372 195.31 67.21252 53.73269 100.8794 34.36467 24.40029 16.11254 79.86172 56.77936 133.9034 69.50223 121.7736 216.8377 206.3638 137.5939 158.6633 623.1382 219.5497 524.1 702.8191 867.4629 498.7515 99.18793 44.32221 108.4593 51.74233 99.11266 72.7958 36.95567 29.05824 142.0584 70.21959 81.86179 65.31394 -9999 -9999 -9999 -9999 -9999 -9999 -9999 -9999 -9999 -9999 -9999 -9999 -9999 -9999 -9999 -9999 -9999 -9999 29.54828 29.54828 59.92186 50.66863 50.60706 -9999 -9999 -9999 -9999 -9999
19.89897 71.93404 25.70947 689.1461 260.7987 71.29742 114.8103 841.4308 65.03783 60.51442 78.28911 61.40072 89.90875 427.4262 250.432 86.14732 50.75819 35.00989 103.0426 268.1019 154.9019 138.0676 103.8832 179.21 129.5201 555.1376 168.6951 85.44672 674.9628 572.9249 87.60873 74.80661 55.15302 104.5217 46.40825 59.3408 72.83322 143.3845 24.92957 27.15652 40.86791 123.8331 213.8083 149.2357 -9999 -9999 -9999 -9999 -9999 -9999 -9999 -9999 -9999 -9999 -9999 -9999 -9999 -9999 -9999 -9999 -9999 -9999 -9999 19.89773 158.8614 223.0927 143.9133 780.6519 -9999 -9999 -9999 -9999
2.146212 8.045951 7.509046 44.70666 74.78696 38.69887 100.25 60.87868 30.33132 66.64361 765.4439 158.2572 148.3913 83.81029 202.6457 166.7035 1345.359 763.3203 351.1623 335.8012 256.2149 323.8095 147.1541 174.8983 301.9826 292.2191 -9999 339.3044 532.4118 106.1028 142.2309 108.6332 648.1408 171.6521 97.61839 69.22356 128.2836 28.10524 65.7617 154.1637 213.597 205.8392 177.2876 -9999 -9999 -9999 -9999 -9999 -9999 -9999 -9999 -9999 -9999 -9999 -9999 -9999 -9999 -9999 -9999 -9999 -9999 -9999 -9999 55.33108 61.70596 58.3321 88.72822 98.42381 -9999 -9999 -9999 -9999
7.260999 10.186 30.96021 168.7862 110.0258 35.18422 87.06425 30.1716 80.49709 159.8201 254.1577 142.5058 125.9884 133.5838 52.60822 285.6741 4722.781 1467.296 667.3613 485.281 1171.771 561.5298 494.3249 3525.621 -9999 -9999 268.8676 263.1205 228.4762 221.196 290.872 295.4093 575.7104 235.1527 296.2114 354.596 315.2978 46.66393 187.5995 1004.366 695.3809 -9999 -9999 -9999 -9999 -9999 -9999 -9999 -9999 -9999 -9999 -9999 -9999 -9999 -9999 -9999 -9999 -9999 -9999 -9999 -9999 -9999 -9999 130.8308 194.6726 36.38014 190.9753 33.35852 47.28683 -9999 -9999 -9999
4.374054 4.93215 8.537509 27.72954 65.51661 61.18302 164.6781 47.46555 232.6633 134.2233 141.2107 71.56223 93.81033 115.7126 241.6881 816.6003 658.9803 541.3486 2971.585 962.4328 367.9843 476.092 256.7138 -9999 -9999 -9999 252.6709 932.7169 332.8365 645.4322 366.1415 -9999 -9999 214.8721 440.1284 1248.508 302.8626 96.41425 365.9738 210.1744 168.8423 -9999 -9999 -9999 -9999 -9999 -9999 -9999 -9999 -9999 -9999 -9999 -9999 -9999 -9999 -9999 -9999 -9999 -9999 -9999 -9999 -9999 -9999 96.32996 87.27668 95.69776 106.7307 72.61943 70.18284 -9999 -9999 -9999
2.662053 18.74195 12.20335 22.88717 50.4995 92.80172 84.76391 65.37624 78.0807 227.7826 150.5435 40.29498 141.597 559.6522 926.8022 910.9398 674.4107 495.3059 576.1697 2149.76 -9999 238.0251 -9999 -9999 -9999 361.2321 891.5754 8129.184 -9999 -9999 -9999 -9999 -9999 267.2246 497.7805 793.7026 149.5705 111.0067 91.39388 90.24184 73.02177 -9999 -9999 -9999 -9999 -9999 -9999 -9999 -9999 -9999 -9999 -9999 -9999 -9999 -9999 -9999 -9999 -9999 -9999 -9999 -9999 -9999 -9999 119.4339 75.24262 95.36696 150.3266 201.3885 -9999 -9999 -9999 -9999
2.261736 10.31333 46.73402 204.6456 55.80228 51.43619 78.41334 133.4039 36.08002 241.1677 125.7075 109.3732 1137.001 1405.797 731.1359 559.7996 547.7699 689.8437 355.0681 218.4418 34.24213 23.63514 -9999 -9999 -9999 596.7941 -9999 -9999 -9999 -9999 -9999 -9999 -9999 252.9912 270.3914 352.7582 191.3108 134.1529 91.20163 55.29588 45.36801 162.8383 -9999 -9999 -9999 -9999 -9999 -9999 -9999 -9999 -9999 -9999 -9999 -9999 -9999 -9999 -9999 -9999 -9999 -9999 73.40586 73.40586 99.31439 51.25212 235.6822 641.5585 451.4508 281.808 -9999 -9999 -9999 -9999
24.53792 105.8648 56.67779 70.46218 167.6742 199.6707 221.0891 44.72437 463.7339 1464.174 190.8668 377.6328 336.4903 875.1257 564.4958 549.2955 462.5233 479.3871 573.9225 381.6465 235.4859 167.6139 23.6713 -9999 780.9907 535.2913 2101.314 13999.87 8864.538 -9999 -9999 -9999 -9999 87.57437 231.8064 227.7359 280.1303 2821.987 2307.06 131.55 29.25769 115.5015 346.3975 -9999 -9999 102.5131 -9999 -9999 -9999 -9999 -9999 -9999 -9999 -9999 -9999 -9999 -9999 69.91608 65.68583 -9999 73.40586 643.1375 335.2389 73.64912 205.1423 155.3271 172.5379 -9999 -9999 -9999 -9999 -9999
29.44895 24.18876 34.0372 110.2803 95.61691 155.6532 103.9296 494.8304 490.2119 153.229 60.34793 97.84583 381.3919 760.572 569.0577 549.5455 642.3578 469.6459 448.0894 488.2579 655.5031 401.9348 305.0992 692.2901 346.8518 326.536 415.3675 342.2602 495.7955 448.5289 -9999 -9999 -9999 -9999 -9999 68.9832 341.6809 4421.303 1777.326 229.3089 94.39545 50.2822 79.22302 -9999 -9999 102.5131 -9999 63.16489 -9999 -9999 -9999 -9999 -9999 -9999 -9999 -9999 -9999 99.05499 78.8314 63.86211 183.9706 184.52 48.76092 70.01284 245.3031 161.5944 141.9315 -9999 -9999 -9999 -9999 -9999
47.51231 46.0338 119.85 97.53631 74.40963 73.79967 72.58236 274.4875 66.0947 136.8285 125.7877 216.4672 915.8438 961.1988 608.6758 679.99 516.7072 1059.3 1191.815 930.1063 997.1184 777.6817 925.8802 445.9547 399.7161 536.0645 370.4389 519.5842 527.2617 554.613 -9999 -9999 -9999 -9999 -9999 94.10658 158.132 247.9904 621.4255 168.1971 86.52118 95.75692 34.23652 -9999 -9999 -9999 -9999 -9999 -9999 -9999 -9999 -9999 -9999 -9999 -9999 -9999 146.7701 461.0143 342.3987 106.6908 237.0641 52.97338 119.6707 310.5029 142.2902 314.048 -9999 -9999 -9999 -9999 -9999 -9999
19.83689 8.627762 65.63925 39.4752 41.05263 72.72729 219.7536 547.3322 58.92562 244.0012 638.7111 264.6522 1146.723 855.8583 709.6038 827.1503 556.4391 495.0845 722.593 628.9904 320.0937 357.4297 562.9197 549.4372 2188.671 436.4765 457.5773 -9999 -9999 -9999 -9999 -9999 -9999 -9999 -9999 566.4398 132.4197 175.8998 749.1538 85.6726 228.8124 84.65257 177.3764 625.7689 -9999 -9999 -9999 -9999 -9999 53.88643 61.99817 -9999 -9999 -9999 -9999 498.0121 340.6753 181.8932 76.53553 185.8573 232.3078 237.4021 839.189 840.2531 508.9299 791.3566 -9999 -9999 -9999 -9999 -9999 -9999
83.4296 10.48244 127.0756 47.88237 49.26828 330.9104 477.0003 297.3979 97.15501 396.7549 237.4852 202.0459 663.9487 723.4386 870.838 717.254 736.4995 780.5785 588.3802 615.7651 292.2498 594.5873 422.2436 420.2925 2557.227 916.6152 -9999 -9999 -9999 -9999 -9999 -9999 -9999 -9999 -9999 -9999 334.3858 246.9275 339.465 54.4021 156.8899 1041.618 537.6881 594.6439 -9999 -9999 -9999 -9999 -9999 423.3539 693.8834 157.6658 140.1809 98.80118 138.6749 103.364 174.3163 103.5521 66.40993 89.0396 147.1964 236.6927 2111.195 8596.49 1493.125 546.7651 -9999 -9999 -9999 -9999 -9999 -9999
250.1629 65.66555 226.7668 295.2328 345.7161 498.9663 398.6418 120.9843 161.0632 573.1002 836.4302 1080.24 615.4094 712.4778 778.8405 663.6978 772.5463 1044.339 709.4716 464.6505 910.454 529.1635 579.2413 2766.314 -9999 -9999 -9999 -9999 -9999 -9999 -9999 -9999 -9999 -9999 -9999 60.46198 98.86964 644.7473 112.4931 114.3104 247.9942 1038.725 2827.189 -9999 -9999 -9999 -9999 -9999 82.72491 137.2148 153.5689 88.30169 131.1219 124.408 141.6166 720.3854 370.4921 2095.106 765.3781 176.6043 259.0603 507.0898 1997.415 2832.102 420.2231 -9999 -9999 -9999 -9999 -9999 -9999 -9999
282.1385 469.3633 708.4354 513.838 393.9821 405.2499 354.2826 298.1811 1046.362 869.4127 748.6504 1961.464 765.4771 655.5096 594.3472 635.1684 607.5853 780.6139 748.7003 646.3859 867.2347 584.3584 873.2963 77.18993 -9999 -9999 -9999 -9999 -9999 -9999 -9999 -9999 -9999 -9999 50.22301 50.223 320.144 86.02218 114.2144 333.6557 279.4045 539.766 46.82189 -9999 -9999 -9999 53.54599 60.51878 160.4581 156.4624 184.168 493.4895 254.8686 1063.708 3104.554 2984.542 321.0437 1081.945 1051.727 513.2913 581.2079 165.1672 261.3806 346.3033 -9999 -9999 -9999 -9999 -9999 -9999 -9999 -9999
780.2936 2453.767 798.4525 255.031 166.3309 100.3635 105.394 189.3673 485.3896 579.1143 672.058 1019.778 708.6842 664.5137 754.7322 808.9426 634.6882 695.1016 1076.342 598.1133 595.2808 633.7781 590.9838 456.0479 300.8875 -9999 -9999 -9999 -9999 -9999 -9999 -9999 -9999 -9999 50.22301 61.47406 63.99917 89.3525 149.8198 320.7189 -9999 -9999 46.82189 -9999 794.0103 386.4161 216.8166 202.1239 444.7253 558.093 503.2879 467.5038 449.4309 492.7868 915.5318 289.8958 89.37174 244.8599 -9999 -9999 -9999 -9999 90.11069 47.12977 -9999 -9999 -9999 -9999 -9999 -9999 -9999 -9999
13.79775 48.9849 76.11575 170.6984 157.8236 94.25576 91.85672 109.3699 84.76379 348.0606 990.0742 783.6795 781.8516 857.012 707.0238 628.0103 598.0068 917.7913 405.4728 593.9008 699.8893 614.8681 893.2882 550.554 410.1628 29.196 -9999 -9999 -9999 -9999 -9999 -9999 -9999 -9999 -9999 -9999 316.499 311.402 -9999 -9999 -9999 -9999 -9999 217.8009 2728.49 919.0359 286.1178 184.8627 218.2875 381.935 191.9111 155.3559 38.50779 325.2284 117.8594 66.03738 73.1659 -9999 -9999 -9999 -9999 99.75485 -9999 16.31514 -9999 -9999 -9999 -9999 -9999 -9999 -9999 -9999
65.5601 40.09433 100.0552 112.5884 111.1431 75.60662 212.5729 251.2027 373.1111 567.5976 327.3053 510.0562 688.349 787.1077 933.3224 716.6731 562.7571 459.3357 368.1601 391.812 384.4677 409.156 514.2095 497.3449 733.2116 163.3974 -9999 -9999 -9999 -9999 -9999 -9999 -9999 -9999 -9999 -9999 285.2916 270.8416 -9999 -9999 -9999 102.4833 180.6541 320.4136 632.5172 318.0277 152.43 421.8395 158.3958 76.56456 86.47507 319.8929 59.55168 -9999 -9999 135.6463 -9999 -9999 -9999 -9999 -9999 -9999 -9999 109.9955 -9999 -9999 -9999 -9999 -9999 -9999 -9999 -9999
126.4056 239.7274 245.843 107.1416 122.2035 442.7493 138.7801 406.705 752.2654 702.4794 385.1039 190.6426 549.1534 514.6608 622.1195 831.0118 590.7163 760.8001 972.6772 330.6642 228.3905 287.6014 495.5616 548.8367 754.2457 324.1413 569.7876 -9999 -9999 -9999 -9999 -9999 -9999 -9999 -9999 -9999 -9999 -9999 -9999 -9999 -9999 93.69566 99.08714 835.3279 367.8548 543.3256 44.71093 112.4038 91.40113 64.5535 59.41571 -9999 -9999 -9999 -9999 -9999 -9999 -9999 -9999 -9999 -9999 -9999 -9999 -9999 -9999 -9999 -9999 -9999 -9999 -9999 -9999 -9999
118.285 80.85794 66.31483 151.6841 114.3007 112.5356 92.33506 378.1948 778.6661 396.391 140.1371 190.3321 431.2292 391.4573 403.3392 422.8027 370.6282 338.2391 314.7098 220.7949 381.7387 2133.889 1149.795 1124.499 873.0241 999.1818 671.4306 1020.176 -9999 -9999 -9999 -9999 -9999 -9999 -9999 -9999 -9999 -9999 -9999 -9999 93.40887 -9999 -9999 127.8203 139.5292 88.12402 77.35805 186.4722 -9999 -9999 -9999 -9999 -9999 -9999 -9999 -9999 -9999 -9999 -9999 -9999 -9999 -9999 -9999 31.29439 -9999 -9999 -9999 -9999 -9999 -9999 -9999 -9999
111.4996 68.07237 28.0688 44.35901 21.6773 43.68341 80.16643 155.9462 307.3829 133.0623 341.6494 242.2871 246.4866 251.1968 230.5224 220.6145 432.1972 382.1212 1848.599 472.9756 500.7311 934.4692 460.8524 1473.359 2267.581 1440.59 733.7374 622.0609 -9999 -9999 -9999 -9999 -9999 -9999 -9999 -9999 -9999 -9999 -9999 -9999 93.40887 -9999 -9999 146.368 287.1265 284.8487 272.3498 -9999 -9999 -9999 -9999 -9999 -9999 -9999 -9999 -9999 -9999 -9999 -9999 -9999 -9999 -9999 -9999 31.29439 -9999 -9999 -9999 -9999 -9999 -9999 -9999 -9999
381.8625 211.7079 162.7665 280.403 90.75208 83.14574 65.46045 107.8569 263.7234 210.1621 167.5008 584.453 307.2705 322.7189 194.5605 108.8594 127.8518 328.9919 449.0622 472.9295 846.9778 438.3858 365.2 639.3591 1066.977 2505.961 5662.183 4364.908 206.9857 -9999 -9999 -9999 -9999 -9999 -9999 -9999 -9999 -9999 -9999 -9999 -9999 -9999 137.2897 146.368 188.8794 198.5805 80.42007 -9999 -9999 -9999 -9999 -9999 -9999 -9999 -9999 -9999 -9999 -9999 -9999 -9999 -9999 -9999 -9999 -9999 0 -9999 -9999 -9999 -9999 -9999 -9999 -9999
501.1348 291.0546 122.3054 160.4754 125.9545 147.3254 486.9331 227.649 278.8318 355.7789 470.5179 812.8062 2833.21 568.9531 379.0671 223.9651 171.918 411.0711 725.3008 453.4125 232.3314 284.3593 203.0827 357.9933 853.9908 1280.019 1459.615 983.2255 1093.717 653.2964 -9999 -9999 -9999 -9999 -9999 -9999 -9999 -9999 -9999 -9999 -9999 -9999 137.2897 12.52315 12.52315 69.9529 79.21425 -9999 -9999 -9999 -9999 -9999 -9999 -9999 -9999 -9999 -9999 -9999 -9999 -9999 -9999 -9999 -9999 -9999 -9999 -9999 -9999 -9999 -9999 -9999 -9999 -9999
221.8423 153.1901 210.7218 134.1899 83.9677 83.38808 198.8908 439.0804 699.413 431.6617 505.507 343.8231 751.4821 808.6806 745.6144 328.6071 371.7692 395.1699 140.133 59.79676 108.8989 107.8733 100.2457 434.5086 2544.828 1076.006 1342.482 796.3394 856.0297 210.3256 -9999 -9999 -9999 -9999 -9999 -9999 -9999 -9999 -9999 -9999 -9999 -9999 -9999 6.058488 24.84399 35.83231 -9999 -9999 -9999 -9999 -9999 -9999 -9999 -9999 -9999 -9999 -9999 -9999 -9999 -9999 -9999 -9999 -9999 -9999 -9999 -9999 -9999 -9999 -9999 -9999 -9999 -9999
113.4652 149.3015 160.6611 70.27787 84.84572 87.89377 215.079 478.9665 409.4201 420.532 359.9762 347.9437 315.5622 216.912 284.2731 741.2628 406.8401 163.9298 58.98642 93.97768 259.5279 112.7244 108.6474 257.6703 515.1702 541.3513 479.2396 1478.597 918.2842 274.3044 -9999 -9999 -9999 -9999 -9999 -9999 -9999 -9999 -9999 -9999 -9999 -9999 -9999 6.058488 -9999 -9999 -9999 -9999 -9999 -9999 -9999 -9999 -9999 -9999 -9999 -9999 -9999 -9999 -9999 -9999 -9999 -9999 -9999 -9999 -9999 -9999 -9999 -9999 -9999 -9999 -9999 -9999
148.3982 112.7332 165.9654 121.7592 218.7074 138.6794 224.3415 566.4125 518.0353 299.8309 678.5071 269.83 157.5161 122.1539 116.9098 261.8963 409.4558 364.7783 348.4767 124.0996 102.0402 114.9985 368.3465 616.047 753.3255 202.9926 352.7088 346.4025 791.2866 -9999 -9999 -9999 -9999 -9999 -9999 -9999 -9999 -9999 -9999 -9999 -9999 -9999 6.058489 6.058488 -9999 -9999 -9999 -9999 -9999 -9999 -9999 -9999 -9999 -9999 -9999 -9999 -9999 -9999 -9999 -9999 -9999 -9999 -9999 -9999 -9999 43.52351 -9999 -9999 -9999 -9999 -9999 -9999
127.6056 148.5781 155.3471 144.1997 75.80306 77.90865 164.6957 373.3859 653.5674 451.5432 350.5963 241.4959 95.60567 98.08321 182.2385 1347.192 351.3148 482.1152 340.4466 188.8956 328.691 392.3059 150.69 202.4549 337.9504 155.6247 978.6579 739.2059 769.5305 -9999 -9999 -9999 -9999 -9999 -9999 -9999 -9999 -9999 -9999 -9999 -9999 6.058489 6.058488 148.7908 -9999 -9999 -9999 -9999 -9999 -9999 -9999 -9999 -9999 -9999 -9999 -9999 -9999 -9999 -9999 -9999 -9999 -9999 -9999 -9999 -9999 -9999 -9999 -9999 -9999 -9999 -9999 -9999
207.2017 179.8723 212.2459 210.0045 204.5648 118.2563 171.5986 227.3815 369.0747 1185.394 806.1152 256.1474 227.021 208.3996 339.7299 580.952 487.92 340.4025 343.3805 395.4446 359.5407 40.27765 100.4056 215.326 184.5791 1059.667 1264.59 1133.046 -9999 -9999 -9999 -9999 -9999 -9999 -9999 -9999 -9999 -9999 -9999 -9999 -9999 -9999 65.43459 120.0821 136.7986 -9999 -9999 -9999 -9999 -9999 -9999 -9999 -9999 -9999 -9999 -9999 -9999 -9999 -9999 -9999 -9999 -9999 -9999 -9999 -9999 -9999 -9999 -9999 -9999 -9999 -9999 -9999
216.0637 93.25053 199.5928 355.9988 191.1067 212.7479 449.7888 566.715 405.5608 725.9626 719.6156 702.2172 384.5303 354.8839 280.4093 183.4713 364.957 194.9888 68.64093 42.4492 101.2817 110.485 57.96172 84.34157 369.6995 2805.843 761.4248 -9999 -9999 -9999 -9999 -9999 -9999 -9999 -9999 -9999 -9999 -9999 -9999 -9999 -9999 99.70645 110.6449 -9999 -9999 -9999 -9999 -9999 -9999 -9999 -9999 -9999 -9999 -9999 -9999 -9999 -9999 -9999 -9999 -9999 -9999 -9999 -9999 -9999 -9999 -9999 -9999 -9999 -9999 -9999 -9999 -9999
101.3781 132.1435 145.8533 212.8974 155.5198 371.2668 624.2605 527.8007 435.9601 370.6065 259.6779 173.4837 157.4452 296.0523 291.8712 148.9117 94.65639 158.6096 82.13268 85.07391 150.2638 92.23229 91.28208 221.4256 365.9494 950.7997 84.66434 -9999 -9999 -9999 -9999 -9999 -9999 -9999 -9999 -9999 -9999 -9999 -9999 58.9617 236.9118 145.9953 -9999 -9999 -9999 -9999 -9999 -9999 -9999 -9999 -9999 -9999 -9999 -9999 -9999 -9999 -9999 -9999 -9999 -9999 -9999 -9999 -9999 -9999 -9999 43.52351 -9999 -9999 -9999 -9999 -9999 -9999
150.0899 90.08023 114.8778 159.6059 149.0054 379.819 303.3429 415.5757 502.3514 722.6134 305.0765 215.4413 134.7497 205.3094 129.7958 118.0568 145.0776 69.63492 74.57851 95.683 193.2568 121.4148 105.9541 383.703 316.5886 103.2931 -9999 -9999 -9999 -9999 -9999 -9999 -9999 -9999 -9999 -9999 -9999 127.5668 103.2649 232.7716 102.903 -9999 -9999 -9999 -9999 -9999 -9999 -9999 -9999 -9999 -9999 -9999 -9999 -9999 -9999 -9999 -9999 -9999 -9999 -9999 -9999 -9999 -9999 -9999 -9999 -9999 -9999 -9999 43.52351 -9999 -9999 -9999
80.81745 75.09338 88.82573 83.37514 67.24962 118.9548 216.0799 328.1948 270.9962 441.8943 229.7211 92.80741 126.1518 198.894 278.1214 247.1532 201.9069 106.6146 79.14866 225.7021 108.827 126.5521 1185.532 717.8999 423.7935 564.7745 -9999 -9999 -9999 -9999 -9999 -9999 -9999 -9999 -9999 -9999 -9999 127.5668 43.5301 1993.913 794.7501 -9999 25.77271 -9999 -9999 -9999 -9999 -9999 -9999 -9999 -9999 -9999 -9999 -9999 -9999 -9999 -9999 -9999 -9999 -9999 -9999 -9999 -9999 -9999 -9999 -9999 -9999 -9999 -9999 -9999 -9999 -9999
