Data/gpw_v4_population_density_rev11_2010_30_min_origin.asc
ncols         720
nrows         360
xllcorner     -180
yllcorner     -90
cellsize      0.5
NODATA_value  -9999
[rows 160 to 191 of 360, columns 360 to 431 of 720]
42.76174 51.22003 113.6468 59.89262 32.82156 29.3632 32.85434 21.63794 18.35668 29.94409 33.87586 42.35571 94.99199 114.7582 66.54885 71.21061 167.9069 396.0281 134.9371 111.0493 61.10807 61.09244 174.0175 150.0035 107.3144 59.59161 89.54754 101.9073 66.18887 62.97895 77.96745 62.91027 27.04539 20.62654 21.37124 18.24987 15.69608 9.98454 10.15242 6.427155 1.957618 1.942081 1.510042 1.477737 1.514147 1.437541 1.44873 10.3091 14.63095 9.650636 0.9231939 0.9231939 14.12386 22.53339 21.47637 19.34161 7.282458 7.318917 8.587121 12.87166 9.875563 8.32424 11.91446 45.54705 5.285756 4.849792 5.176695 5.265453 23.69921 57.87453 73.45664 24.48864
52.15136 37.00584 80.06719 29.19236 29.55725 90.90439 23.36265 36.56539 18.8516 47.24106 75.67647 140.244 99.88339 92.94229 372.9193 150.457 173.2952 137.4695 160.4373 112.8408 33.44094 32.40154 41.44428 82.82851 112.1671 183.9699 79.44387 74.14388 37.65371 41.64282 54.67276 79.59769 68.78419 28.2791 33.26967 32.7222 18.62168 12.91255 9.906335 8.153824 1.686877 1.312623 1.165795 0.9639264 0.6478343 1.072291 1.711582 12.35655 14.63095 4.000051 0.9231939 0.9231939 16.7134 23.29912 33.97014 48.87253 39.11387 31.22245 27.80296 24.35878 11.61592 15.26365 19.34036 16.7814 5.265491 15.76508 17.04562 9.056842 27.2665 83.81177 110.3546 118.9222
64.43151 26.24813 49.10741 28.18964 28.94499 38.91611 79.09687 96.60445 74.13781 152.8763 79.90085 69.14366 68.44804 76.93545 267.8131 121.1187 108.573 113.6763 94.70641 87.35137 34.46036 39.11982 84.1336 93.43078 83.29378 38.45624 56.95685 41.28285 12.80086 20.59991 37.05072 72.26144 83.75817 64.69181 67.7729 30.56909 18.64097 17.438 1.969031 0.9944302 1.164776 1.164776 1.164776 1.153005 0.6591763 0.6516165 1.045831 7.31688 8.023199 1.406725 0.9231938 0.9231938 14.86158 11.83236 22.28762 42.08771 51.85007 22.80801 21.66324 20.38155 15.81597 13.59743 15.1139 16.61538 14.55998 22.3657 40.75235 21.11586 37.07899 89.53374 126.4909 113.7785
50.20607 52.08508 52.5989 41.49518 50.90913 48.44238 110.9684 107.5305 214.5161 350.585 123.3791 97.21616 61.54911 69.55299 50.49039 37.405 58.57551 115.9964 49.43112 54.61284 52.21679 37.35696 26.43855 36.01761 35.47784 6.017809 9.985816 14.16152 12.80086 12.80086 18.34664 43.35842 23.9209 39.22559 43.63951 26.18116 21.35893 12.71122 1.719859 0.3620259 0.6131103 0.8275561 0.9725792 0.6826276 0.2945012 0.4451802 1.513822 0.1904696 0.3616043 0.6374695 0.9231939 0.9231939 1.873604 3.657223 5.875964 20.50016 34.85959 16.36913 17.13388 19.00886 24.49443 11.23285 11.23285 14.70035 16.16609 17.18071 22.26481 26.21614 18.1164 57.99385 63.82764 104.0552
72.86066 61.73718 70.8413 58.54093 56.94721 54.65447 134.3032 240.3521 380.9845 594.579 553.3966 297.7203 198.1015 109.9373 93.54521 109.7953 125.3102 162.3028 121.437 100.4941 47.3184 26.81964 12.66879 12.19031 9.449173 7.438938 12.617 17.45252 13.09135 12.80086 13.16491 22.692 21.51783 23.44873 14.26957 5.670189 4.665612 4.604648 2.23281 0.6004229 0.3430792 0.5699235 2.039685 0.7553296 0.8450132 0.2926724 0.6173339 0.1462027 0.1324304 0.06160311 0.5728481 0.9231938 0.9231938 3.062455 8.608745 10.27891 13.76191 15.92744 23.71101 15.99861 12.76376 10.7658 10.53666 13.31058 15.68244 16.09441 14.55321 4.470879 5.819773 6.208854 24.43036 77.59419
112.1835 99.92817 76.71799 144.995 175.5589 121.2102 271.6119 724.5333 413.0085 373.7655 410.558 249.0382 277.7826 141.0676 175.4052 200.3142 134.6904 177.4557 141.7553 85.71838 50.19335 23.77884 27.67124 17.30754 10.30184 10.69805 20.77678 21.64085 18.95803 13.30094 14.56028 28.98896 21.31295 17.00084 11.86199 6.205162 12.99215 5.897946 6.912865 4.336551 0.9320736 0.6061491 1.783737 5.573517 4.294321 0.2129159 0.134972 0.134972 0.134972 0.06446431 0.1790504 0.6533061 0.9220703 5.888086 8.268754 8.431065 13.32483 13.11676 23.12103 27.66635 18.44609 12.23958 14.15409 15.42697 15.85437 9.787931 11.143 8.511244 3.124333 3.443437 72.16708 138.7205
186.4452 135.3343 113.7455 278.6466 259.5045 365.8077 2627.733 558.123 115.1041 211.5633 77.15897 99.86633 232.7558 156.6299 407.3754 315.8255 215.9499 194.3256 182.1574 57.1457 41.83767 62.46188 51.42702 30.26083 15.63027 13.0243 16.92928 19.95638 16.82708 14.02605 13.74229 19.42877 12.09402 13.32527 26.20843 13.40582 6.565639 8.659927 13.78021 5.616412 1.317422 1.138219 1.514254 4.772552 4.262187 0.281181 0.134972 0.1558741 0.2512541 0.05753918 0.05752169 0.05752169 1.164719 6.948018 5.215555 4.333414 7.017035 12.73796 16.9519 35.50385 27.57752 14.81266 14.64426 16.80806 16.72544 4.96046 4.849566 6.483537 6.5696 2.799054 30.24511 102.2241
103.8562 125.0759 876.6168 340.0161 1433.472 1111.786 5204.622 775.6136 152.7467 230.6046 146.3757 384.0854 229.6247 861.7902 561.1146 459.5331 291.5882 103.3948 66.82053 59.22581 136.6835 142.2818 46.63472 20.61738 10.76334 11.80816 12.36552 13.54464 13.28353 8.705709 12.78837 20.11988 13.24632 3.721352 9.656262 6.424106 2.828789 5.636814 9.218423 5.506377 1.092905 2.652585 8.684681 2.122915 2.129111 0.8626676 0.3916567 0.5398209 0.5838793 0.5026795 0.07970689 0.05752169 0.7943626 4.545573 2.959653 2.728049 7.882525 5.479071 3.550377 8.741512 17.83259 17.5721 11.23086 16.54153 15.55797 4.878189 4.798116 4.798116 4.798116 4.80703 9.207737 11.42107
183.7825 226.0505 488.2413 -9999 -9999 -9999 -9999 -9999 -9999 223.9925 97.55602 462.7857 244.593 610.6417 1148.504 463.7935 179.8369 60.47232 22.37195 66.2002 318.0978 103.5001 35.72235 4.762419 4.762419 5.585355 11.9883 12.24461 12.19399 7.074069 10.49413 11.64289 8.960367 6.162157 3.873205 2.910354 1.734725 3.579817 12.79043 6.785852 11.44887 26.6954 6.554544 3.924919 1.612148 1.391752 1.225017 0.7839027 0.5841122 0.5841234 1.96342 2.06725 2.16692 1.512505 3.496024 5.965894 12.12286 12.3286 4.830245 8.602033 8.470882 12.66881 13.91646 14.8381 12.24541 7.81565 12.06848 11.41258 8.132925 10.08137 6.838847 7.266513
-9999 -9999 -9999 -9999 -9999 -9999 -9999 -9999 -9999 -9999 130.6436 254.9944 334.1025 364.1353 878.05 618.4231 155.3256 26.87021 31.3458 72.42524 165.3317 72.93309 21.99986 4.762419 4.87642 7.321283 12.03499 12.23003 12.23593 7.367029 6.672185 8.254591 7.481543 8.646936 11.07942 5.046229 3.186901 4.363571 6.462486 9.555306 11.57899 9.169157 14.59026 6.24117 1.509725 1.402057 2.114602 1.216187 0.7989479 2.13871 2.878051 5.500019 4.631881 1.269128 4.152401 9.924727 14.36522 8.232172 6.551352 10.22332 6.888373 11.41803 18.71629 18.76679 11.53774 8.94945 18.94177 16.90439 11.07054 10.70633 5.352914 4.92518
-9999 -9999 -9999 -9999 -9999 -9999 -9999 -9999 -9999 -9999 170.8266 156.6767 263.5853 531.5377 972.1846 703.3359 610.4594 62.47815 79.09187 68.348 15.38627 32.37963 21.77932 5.182247 8.463112 9.149481 10.56323 12.23185 12.4124 10.11102 12.38848 19.28702 13.64724 9.579758 8.599143 5.35006 16.96299 12.59917 19.95666 19.82966 16.57585 12.75279 20.16146 12.06442 2.859266 21.80246 5.403471 3.957576 4.743302 4.099391 2.317469 2.305932 2.305932 2.377657 4.642751 7.85534 13.66071 14.8357 5.688242 12.29489 15.69702 19.94612 21.83295 21.83295 14.38568 14.55734 21.31565 31.15502 11.8878 6.567379 6.799431 11.59953
-9999 -9999 -9999 -9999 -9999 -9999 -9999 -9999 -9999 -9999 -9999 138.8196 138.0259 251.1333 686.5197 1085.959 -9999 75.86636 243.6042 443.5712 10.39734 20.32143 62.53717 44.21275 15.08061 11.33846 5.831142 10.70233 12.54413 12.5312 20.59939 19.50572 8.469663 6.541828 11.61246 7.618803 43.68954 284.1874 22.59029 25.12338 17.87271 38.42558 26.73102 14.63341 18.97834 9.645239 5.1986 5.1986 5.1986 5.1986 4.305013 2.305932 2.305932 2.378297 3.617664 4.880684 7.352192 5.884953 4.674444 18.72166 32.39912 29.31863 28.9845 26.61899 32.42658 26.05439 27.04124 29.17647 17.4581 7.179343 7.186057 16.5393
-9999 -9999 -9999 -9999 -9999 -9999 -9999 -9999 -9999 -9999 -9999 -9999 -9999 -9999 -9999 -9999 -9999 302.688 1217.735 449.8579 19.94237 21.8868 352.9285 528.8699 18.16022 7.66551 5.831142 7.71909 9.672157 7.59837 10.12531 10.91639 12.87293 2.675272 8.085194 18.47314 25.32636 26.12204 37.13811 64.3605 32.48393 17.81473 19.58285 14.55151 14.64348 13.14407 8.024231 5.439871 5.45936 5.200426 4.834263 3.964844 6.645604 9.575143 8.533159 10.07097 7.140933 4.765012 5.443004 25.51956 32.29743 70.89919 89.2208 78.03677 36.90299 33.92413 23.30324 21.87851 31.38456 32.49629 6.946572 10.36805
-9999 -9999 -9999 -9999 -9999 -9999 -9999 -9999 -9999 -9999 -9999 -9999 -9999 -9999 -9999 -9999 23.61557 23.61557 -9999 19.12231 19.1179 21.28543 31.52832 21.95867 12.24037 7.703475 5.831143 5.831143 5.651428 4.164498 4.154278 4.135903 7.420489 4.052282 3.678864 3.678864 3.75346 20.39717 55.05224 65.92423 43.96589 26.79916 24.76129 20.91811 15.75469 13.40459 6.42862 6.12323 6.13253 10.24464 11.20555 10.81067 10.33059 11.84057 11.59984 14.05021 9.623224 5.9234 14.99269 25.76775 56.90239 226.1841 179.6897 77.53427 32.94897 56.1927 48.11761 22.74061 25.5232 13.31308 9.889028 31.72975
-9999 -9999 -9999 -9999 -9999 -9999 -9999 -9999 -9999 -9999 -9999 -9999 -9999 -9999 -9999 -9999 -9999 -9999 -9999 18.65665 18.57004 15.9265 19.32347 20.89174 13.09281 10.68812 9.388624 6.953496 5.787247 4.339692 4.158422 4.159788 3.316001 3.628858 3.678864 3.678864 10.22517 36.79657 40.19434 38.38889 30.60039 30.69017 33.71791 32.14642 32.69134 31.44235 8.197857 6.12323 7.292682 11.72486 12.05715 11.28939 10.93738 12.22409 16.61333 21.24 20.62797 14.47636 15.9431 18.2198 86.16144 170.6612 67.61155 28.07334 121.8016 79.4621 63.96622 38.59181 24.89252 21.35905 17.77319 14.10339
-9999 -9999 -9999 -9999 -9999 -9999 -9999 -9999 -9999 -9999 -9999 -9999 -9999 -9999 -9999 -9999 -9999 -9999 -9999 33.27008 21.86023 25.24215 22.42623 17.95231 6.455202 6.512676 6.915416 5.531023 4.333969 3.796037 4.119131 4.158422 2.32692 2.705522 3.678864 3.678864 29.1667 38.06496 28.59482 28.85169 32.58595 33.44242 33.31219 30.33792 28.37049 29.60796 25.2306 9.466585 8.189278 9.8068 10.88969 10.56897 10.39105 10.19484 20.22476 32.13602 24.93342 11.01064 8.157589 50.27249 171.8546 221.4594 185.7811 29.45091 85.84151 215.998 123.8423 56.94092 34.74368 50.06348 26.10215 16.31428
-9999 -9999 -9999 -9999 -9999 -9999 -9999 -9999 -9999 -9999 -9999 -9999 -9999 -9999 48.5844 -9999 -9999 -9999 -9999 46.38335 20.47108 28.7138 32.23101 9.5613 4.088378 1.565357 1.562122 1.561064 1.561064 1.561459 1.689404 2.187076 1.90697 2.695389 3.678864 3.678864 7.874513 10.63036 15.28002 19.52476 20.11748 21.88582 23.06361 21.37018 15.06318 6.332186 9.764581 10.54285 10.54285 10.04351 9.502726 9.399215 8.600986 4.233601 13.55702 21.5968 14.55488 7.098286 7.098285 43.67217 161.0996 180.0907 119.8851 83.71661 72.57301 127.8476 149.6151 163.4982 46.62737 44.74648 40.25993 12.8708
-9999 -9999 -9999 -9999 -9999 -9999 -9999 -9999 -9999 -9999 -9999 -9999 -9999 -9999 48.5844 -9999 -9999 -9999 47.46551 46.00382 24.37471 20.05614 23.84098 10.73771 6.956372 1.738303 1.740276 1.707415 2.155164 2.240375 1.5995 1.561064 1.561064 2.610237 3.678864 4.059239 7.974912 14.51292 15.38969 15.66928 15.51494 16.1804 22.3935 20.96791 12.42053 8.122458 6.987861 11.76925 12.39991 12.29482 9.323717 7.043694 3.867227 3.7748 3.792121 6.553226 7.098285 7.098286 15.80426 87.20384 88.11529 145.7919 140.037 41.60957 31.83707 86.44538 191.7591 292.8569 394.3581 150.5217 171.5762 48.50959
-9999 -9999 -9999 -9999 -9999 -9999 -9999 -9999 -9999 -9999 -9999 -9999 -9999 -9999 -9999 -9999 -9999 -9999 3.781343 3.325982 2.194278 2.926312 3.022914 2.508063 1.866922 1.920759 1.884034 1.738586 2.164191 3.601208 1.958805 1.561064 1.561064 2.47485 3.678864 4.583106 10.93113 13.74952 13.82803 15.54223 14.44807 9.339373 12.92387 14.56261 12.3002 10.50689 5.985638 22.28335 33.65435 37.66156 122.5755 5.703243 4.128719 3.7748 3.7748 8.658063 30.8116 16.48867 140.4968 109.878 183.163 157.9121 130.5296 122.7747 127.9342 229.7803 395.1357 324.8086 455.6181 480.1845 324.6159 73.91273
-9999 -9999 -9999 -9999 -9999 -9999 -9999 -9999 -9999 -9999 -9999 -9999 56.45284 199.6443 -9999 -9999 -9999 -9999 516.9038 147.0501 1.435773 1.751665 2.184752 1.604115 1.466977 1.955733 1.973493 2.068302 3.544464 3.601348 3.3382 3.284255 2.130597 2.564413 3.641641 4.709057 23.22349 13.66258 13.66258 14.03307 13.26755 9.623783 10.51402 9.59561 10.77543 11.8714 6.337553 20.95358 24.61196 15.86559 90.7849 6.107668 5.320836 4.046857 3.7748 4.609272 66.68812 78.98151 373.2517 182.0821 180.7581 126.9265 88.12061 108.4603 309.4546 1253.819 419.2439 364.5023 454.7556 616.4674 258.4569 102.7504
-9999 -9999 -9999 -9999 -9999 -9999 -9999 -9999 -9999 -9999 -9999 -9999 -9999 21.21739 -9999 -9999 -9999 -9999 30.48917 23.34904 3.364912 2.589475 1.880912 1.594902 1.616778 2.131325 2.315453 2.898175 4.140458 3.601203 3.599429 3.599148 3.599147 3.599148 3.652634 6.687337 101.3145 12.73316 12.35093 12.46896 13.79372 13.98566 13.73988 10.50596 10.04624 10.24412 8.424692 17.29338 12.03272 7.041649 6.107668 6.107668 7.970273 7.159088 4.648849 4.037449 30.33337 69.24663 76.24385 75.87833 177.7729 108.0216 125.9455 247.6882 114.8829 138.3165 746.5549 436.4342 310.854 521.7112 264.1676 190.2645
-9999 -9999 -9999 -9999 -9999 -9999 -9999 -9999 -9999 -9999 -9999 -9999 -9999 -9999 -9999 -9999 -9999 17.85061 17.85061 12.18407 7.46699 3.005812 1.554075 2.238793 4.278803 2.207645 2.171571 2.844468 3.273084 3.601381 3.603755 3.616967 3.599147 3.599147 4.287258 15.98672 20.26988 14.5092 11.94852 11.67772 9.292967 12.2292 14.08832 12.44499 10.10258 9.327873 8.918138 8.280009 8.272946 6.719263 6.107668 6.107668 8.591314 10.65121 10.93476 12.20207 16.32533 23.58385 130.5495 211.5029 266.2717 199.4155 131.3406 125.4757 125.2552 0 0 507.2004 232.0823 666.1166 351.4019 103.6251
-9999 -9999 -9999 -9999 -9999 -9999 -9999 -9999 -9999 -9999 -9999 169.5655 -9999 -9999 -9999 -9999 -9999 5.610696 6.871047 9.387949 3.035454 3.068839 1.904815 1.709177 4.17464 3.455867 23.04389 14.89495 3.548537 3.599666 3.84729 3.959583 3.722487 6.561095 15.19837 18.59587 16.83265 15.71439 12.35271 5.050995 2.91704 2.538709 5.147409 6.3333 10.10258 9.67817 9.11871 8.819636 8.495883 8.204081 6.353179 6.152154 9.518109 10.14903 12.03477 16.32533 16.32533 157.0131 209.0532 358.6979 244.2476 105.0383 68.15442 188.7742 643.295 3376.114 0 180.9138 210.0685 155.2954 34.61363 34.20909
-9999 -9999 -9999 -9999 -9999 -9999 -9999 -9999 -9999 -9999 -9999 -9999 -9999 -9999 -9999 -9999 -9999 -9999 0.9725687 1.019751 1.494422 2.296638 5.778812 3.820007 4.49778 6.564126 22.05143 26.30378 3.349616 3.817024 4.006005 4.008443 5.190214 17.15541 15.29693 14.98983 14.92105 13.96306 13.01133 7.751856 2.821194 2.555046 2.538709 2.57907 6.463463 6.568537 8.602178 5.44418 3.909594 7.94206 6.213817 6.725599 9.245014 9.245043 9.277128 14.1558 25.37923 164.275 704.1605 520.1656 632.436 109.5777 80.22469 266.2881 643.295 588.9913 359.6505 171.0228 69.39661 41.84182 13.52497 20.69666
-9999 -9999 -9999 -9999 -9999 -9999 -9999 -9999 -9999 -9999 -9999 -9999 -9999 -9999 -9999 -9999 -9999 -9999 1.017254 1.555541 1.884004 3.00295 5.132157 7.929209 2.948871 7.520936 3.569571 13.44665 6.557086 4.008438 4.008443 4.008443 25.37615 27.64587 10.83233 10.26883 14.07663 14.63498 13.05757 8.118289 6.287345 5.565506 2.765856 2.67301 0.7050683 -9999 0.3313972 0.01754595 -9999 2.764042 5.405592 5.415268 5.712223 9.680779 11.58354 12.91915 89.10019 288.3679 375.9258 450.8066 365.5263 201.4697 28.76717 120.659 253.9389 699.4241 315.6019 134.0731 29.24551 3.724101 5.050839 16.65054
-9999 -9999 -9999 -9999 -9999 -9999 -9999 -9999 -9999 -9999 -9999 -9999 -9999 -9999 -9999 -9999 -9999 -9999 -9999 1.710849 1.983317 4.797091 3.060278 5.050818 8.0882 8.170958 5.410991 5.102856 4.543431 3.926256 3.987379 3.932829 19.68735 13.37099 9.083921 9.44881 10.12883 9.830064 8.464132 6.607683 6.607683 6.202375 5.289631 4.962803 0.7501129 -9999 -9999 -9999 -9999 -9999 4.692642 59.95705 13.06778 20.57497 12.93493 13.23099 86.20276 410.998 269.0461 483.6663 370.081 76.68172 53.91119 116.722 159.0064 292.4006 182.8809 135.9396 82.21442 14.24585 8.835929 11.25685
-9999 -9999 -9999 -9999 -9999 -9999 -9999 -9999 -9999 -9999 -9999 -9999 -9999 -9999 -9999 -9999 -9999 -9999 -9999 -9999 1.182301 1.312293 3.108372 1.410954 7.919776 7.254113 5.375907 5.041242 4.135169 3.684878 3.687119 3.679416 8.560931 7.656248 64.13957 17.68817 9.432237 9.027126 6.607683 6.607683 6.607683 5.716438 5.303883 5.187401 0.621042 -9999 -9999 -9999 -9999 1.021004 6.409021 25.52093 20.94423 21.92085 14.8834 23.47142 39.39015 85.46445 509.152 445.391 223.4396 114.372 42.42909 92.21926 100.6062 98.65085 96.2477 93.11009 68.86979 9.053563 14.87032 57.09387
-9999 -9999 -9999 -9999 -9999 -9999 -9999 -9999 -9999 -9999 -9999 -9999 -9999 -9999 -9999 -9999 -9999 -9999 -9999 -9999 -9999 2.026792 4.391909 6.197381 8.098532 14.37251 7.179011 16.60416 14.9183 3.679416 3.679416 4.528075 7.138397 6.891871 7.477785 8.067953 8.291707 18.23942 19.67838 6.716089 6.607683 5.668467 5.608716 5.705021 1.14381 -9999 -9999 -9999 -9999 2.989155 7.474285 8.085372 26.12563 27.87143 16.16808 13.40408 36.5659 52.69529 229.6596 265.9287 176.878 57.28516 7.579811 18.53597 72.89169 118.9776 119.6153 58.23887 41.87803 15.87786 33.44653 67.89202
-9999 -9999 -9999 -9999 -9999 -9999 -9999 -9999 -9999 -9999 -9999 -9999 -9999 -9999 -9999 -9999 -9999 -9999 -9999 -9999 -9999 -9999 7.591353 7.591354 7.604825 10.2103 21.17369 22.73503 12.10234 3.679416 2382.463 48.92731 21.04365 12.56043 12.04141 20.54708 48.5742 59.018 50.62171 40.6294 15.85358 22.77376 29.45909 29.57376 27.02395 6.784739 1.481215 2.863018 -9999 0.2238759 7.441992 7.641633 30.08764 31.84737 19.88052 20.53434 29.48747 40.11898 63.62111 229.5441 114.3967 18.82504 3.052563 8.770055 56.75127 58.56445 81.37961 57.59372 57.20062 67.09753 95.2999 94.26296
-9999 -9999 -9999 -9999 -9999 -9999 -9999 -9999 -9999 -9999 -9999 -9999 -9999 -9999 -9999 -9999 -9999 -9999 -9999 -9999 -9999 -9999 -9999 684.8144 9.567705 32.00774 50.11536 25.95769 27.25971 23.22056 194.2546 68.38838 25.38189 29.46664 29.27241 38.4167 50.47505 63.43168 53.02761 47.31115 32.39704 29.50994 30.29814 30.37858 44.89119 23.8384 12.96232 7.261097 0.05522102 3.470279 7.896815 16.05132 32.00096 30.34575 19.05292 19.05292 19.05292 33.16086 40.30284 254.4203 96.06282 6.902947 8.231201 26.70499 52.77063 50.6077 52.36273 29.68954 32.06374 124.7735 49.58438 60.59433
-9999 -9999 -9999 -9999 -9999 -9999 -9999 -9999 -9999 -9999 -9999 -9999 -9999 -9999 -9999 -9999 -9999 -9999 -9999 -9999 -9999 -9999 -9999 7.591353 89.70454 81.41153 83.79896 35.92887 37.77301 60.26997 47.28813 37.29525 20.93012 29.54994 30.07914 39.78398 43.08842 177.5677 45.71701 46.99478 33.58559 29.6429 36.65855 54.65483 68.55537 35.07594 17.92038 11.96728 7.79813 20.03935 20.99918 20.99918 31.23506 36.42331 36.17136 18.72644 10.32165 20.20303 20.95895 59.84519 21.44716 16.40397 30.24367 25.74698 39.36192 76.02898 30.79159 17.50297 13.56553 34.54733 19.62935 23.58509
-9999 -9999 -9999 -9999 -9999 -9999 -9999 -9999 -9999 -9999 -9999 -9999 -9999 -9999 -9999 -9999 -9999 -9999 -9999 -9999 -9999 -9999 -9999 -9999 102.9812 49.39724 169.7769 32.03448 29.4358 47.70716 40.81937 29.35982 21.69393 25.99459 26.22807 23.83105 29.52122 35.84391 37.2421 38.51775 41.55804 44.77623 44.06274 47.93847 223.8444 154.712 51.81165 48.97994 30.8577 27.04724 20.99918 20.99918 24.7041 25.71666 16.57795 9.462208 14.42125 20.33885 20.73424 24.91101 10.1955 8.186811 4.157276 4.246322 10.40378 10.40843 4.792359 5.832292 12.14788 26.72005 35.0958 37.49649
