Data/gpw_v4_population_density_rev11_2010_30_min_origin.asc
ncols         720
nrows         360
xllcorner     -180
yllcorner     -90
cellsize      0.5
NODATA_value  -9999
[rows 64 to 95 of 360, columns 504 to 575 of 720]
1.620611 1.620095 1.620687 2.566986 2.982674 2.991809 2.96683 0.8149839 0.2562694 0.2562694 0.2573233 0.3445308 0.3657586 0.3657586 0.5888368 1.080894 0.8932908 0.5436724 1.249075 1.958163 1.871081 1.903025 2.057545 2.263435 2.241345 3.60683 4.968432 2.104428 1.225046 1.225046 1.225046 0.8166237 0.5680649 0.5574778 0.5986148 0.6959523 0.8326496 0.4876525 0.6835157 0.9385806 1.172259 1.380977 1.752709 1.868847 1.283964 1.145002 1.120299 0.9741083 0.9688163 0.9001522 0.9001522 1.359095 2.149264 1.929637 1.151494 1.405252 1.091249 0.6314695 0.5263295 0.521289 0.521289 30.16056 0.6600097 1.7394 1.350828 1.078935 0.5933478 1.298261 1.56403 1.56403 0.9684401 0.4681884
1.103532 1.209012 2.347569 3.372252 3.044405 2.917453 2.427392 2.129996 0.8268993 0.6005119 0.5521641 0.5639552 0.5783678 0.4099224 0.4528425 0.8416819 0.5102141 0.5492658 0.5549485 0.6560093 1.053262 0.7744765 1.907124 3.090308 3.293651 4.793036 6.511566 6.082297 1.816515 1.241661 1.078918 0.6199379 0.5680649 0.7703068 0.950792 0.9428744 0.9357877 0.9357877 0.9803536 1.218349 1.977314 2.467595 2.465914 2.24921 1.419235 1.420015 1.802584 1.745239 2.289391 2.166686 1.61408 2.694835 2.901597 2.564998 1.424523 1.424523 1.424523 0.9752336 0.521289 0.521289 0.5212889 1.988553 2.916343 3.011296 2.911122 1.762974 1.56403 1.56403 1.56403 1.505202 0.773538 0.4805881
1.046673 0.9392772 2.239496 2.944141 3.505161 3.514954 2.816259 2.693671 1.599513 1.122352 1.122352 1.012576 0.7851852 0.6981211 0.6865088 0.6307902 0.5549053 0.5505919 0.5653316 0.5492658 0.5492657 0.5863575 3.531327 4.119528 4.824616 147.0055 133.7373 6.644319 4.91961 3.212243 4.299711 4.127166 5.611026 2.165055 0.953959 1.055869 1.818723 2.295758 2.35722 3.071963 5.114485 3.900165 3.195681 3.453765 3.453155 4.335953 4.501528 3.047001 2.474552 2.744908 3.357809 3.724521 2.901597 1.998164 1.424523 1.424523 1.598297 1.632751 1.539704 1.631843 1.252825 2.349224 3.011296 3.011296 3.007919 2.091298 1.56403 1.56403 1.56403 1.449616 0.5306074 0.5694805
3.983506 3.573044 3.068161 3.637866 6.274921 5.111789 3.587388 3.406121 2.375846 2.185299 2.375831 2.695897 1.69833 0.6981211 1.494291 1.227782 0.9828884 1.162337 1.133015 1.350894 1.773571 2.080491 4.374446 5.560125 6.644389 64.52528 76.4398 34.05695 42.77441 4.128828 9.039406 8.989439 9.003859 6.069026 9.065877 10.86473 77.33805 24.05661 3.499959 4.707806 9.153985 279.2397 139.2026 42.47669 15.73259 37.09962 6.821778 61.83189 6.31585 5.384202 4.974412 3.489273 2.901597 2.105197 1.424523 1.424523 1.510187 1.848822 21.41824 178.8636 1.964736 2.310762 1.834205 1.975691 2.238786 2.453586 1.565871 1.56403 1.56403 1.471884 0.5835896 0.5708115
4.554882 5.009212 5.55616 6.173792 6.734046 4.756187 4.006119 3.156026 3.389695 3.395956 3.80462 7.191754 6.00781 4.620987 6.673932 2.647212 1.306539 1.667588 2.139208 2.5898 2.308307 2.267777 3.354368 8.296859 8.832336 56.11407 9.394243 10.23347 58.84266 6.330603 4.414367 4.124959 3.62374 4.57984 27.74374 5.670704 11.72922 5.824008 3.039037 3.835161 20.5463 196.2055 23.23524 3.822973 8.449207 18.05724 3.764855 4.006189 5.604615 4.603039 2.901597 2.901597 2.625306 1.722857 1.415962 1.420663 1.578101 1.865495 1.964736 1.964736 1.964736 1.964736 1.766756 0.7188944 0.7188944 1.0757 1.042822 0.9727369 0.7988904 0.6975842 0.5708115 0.5708115
11.53088 12.36272 232.2409 39.13986 9.639421 10.26269 8.877801 7.623705 7.004071 5.041443 5.365884 8.748312 9.581316 8.709577 1.310628 1.611424 3.372971 3.096876 3.379473 7.855427 6.905408 365.591 110.8204 13.76396 10.45911 11.04625 16.10013 91.02905 218.5171 5.038097 3.429406 3.211077 3.090941 8.066736 3.845121 12.70222 6.796946 4.522498 2.946834 2.461913 2.195106 3.230773 3.606729 2.672496 2.001897 1.595519 1.505816 1.513106 1.513106 2.178771 2.901597 2.863844 2.390142 1.408206 1.407187 1.41665 1.837541 1.966028 2.000457 2.259545 2.142511 1.773076 1.421113 0.7196377 0.693239 0.533977 0.4184389 0.4114805 0.4114805 0.506964 0.5708115 0.5708115
12.79827 14.82319 340.216 120.7399 14.42168 9.886598 5.493306 6.086494 4.461639 3.870804 5.221039 7.942177 5.771866 3.624754 3.104164 3.705982 3.544423 3.105247 2.992388 7.826335 14.16663 299.3773 366.1829 13.64851 9.230774 9.786899 20.75855 31.04836 64.64059 5.84078 4.550881 3.742907 3.595054 2.240244 2.666505 2.938282 3.690381 3.923734 4.333288 3.953272 2.107535 2.079835 2.151644 2.214369 2.042449 1.724009 1.501819 1.508811 1.503768 1.510574 1.838785 2.141798 1.792248 1.407187 1.407187 1.453649 2.003953 23.80225 2.80335 2.917711 2.860995 1.647227 0.9662439 0.7166131 0.4528393 0.4114805 0.4114805 0.4176316 0.4942901 0.5532813 0.5590037 0.5590492
6.30957 8.748843 10.20489 9.067698 10.91263 8.563939 7.07423 4.280817 2.966424 4.431746 5.800738 5.583736 6.205868 5.741979 5.316171 4.908023 5.412582 5.816499 7.301623 8.247584 7.638756 13.09581 15.79799 13.3866 6.188145 5.515609 8.978473 15.04054 89.49675 42.39432 6.934751 3.930032 6.547475 10.77178 6.603338 6.244254 5.646978 4.053587 3.982331 4.804197 2.527298 2.024141 1.999561 1.993473 1.993901 1.942429 1.805615 1.677209 1.422805 1.407187 1.407187 1.407187 1.407187 1.407187 1.41546 1.722975 1.984303 5.616006 2.86484 3.472749 23.03258 1.722334 0.871761 0.7188106 0.6906674 0.4167103 0.5037604 0.5531616 0.5562278 0.5562279 0.5562279 0.5562278
2.368037 1.78051 2.931113 4.713167 5.604603 6.380823 3.415172 2.334315 2.516335 3.460257 5.66991 8.80203 10.42862 7.136879 6.194142 5.917999 4.880352 4.479146 29.28723 4.80731 6.618426 7.725381 12.12882 18.9919 10.79247 26.4682 8.720162 4.495792 10.03394 160.06 326.404 29.24642 13.84589 13.70221 6.514621 4.925444 5.192832 4.851274 122.5224 74.25759 7.040367 2.002916 1.738966 1.824583 1.987876 1.992678 1.993473 1.985115 1.695635 1.067442 1.193332 1.407187 1.407187 1.407187 1.511408 1.953822 1.984303 2.25757 2.083542 2.387331 21.97439 5.361274 3.674872 4.08079 4.760591 0.7784361 0.5537269 0.9738272 0.5562278 0.5562279 0.5905741 0.8333138
1.701675 1.528616 1.692045 1.962987 2.102063 2.041265 2.008343 2.612482 3.174999 3.12782 2.555496 4.176419 4.823283 12.34002 8.69767 6.280044 6.097855 4.910284 6.414163 7.087252 7.64837 14.09832 68.15295 366.1437 12.32138 8.211852 5.859235 4.997818 3.808522 3.328557 13.95175 4.760919 6.40235 9.701118 4.631625 4.838491 4.840062 6.038104 29.83031 6.98149 2.051249 1.344921 1.474051 1.57566 1.58672 0.8266686 0.4814281 0.2210235 0.1753422 0.1399702 0.1544119 0.4585012 0.9431758 1.086999 1.316601 0.9616861 1.152165 2.92251 3.344998 3.687916 4.109483 5.124605 42.70999 5.828186 5.989103 5.249537 5.263965 4.793081 1.339989 1.053686 1.065013 1.261026
1.660008 1.687446 1.655629 1.687077 2.026451 2.091751 1.60279 1.863745 3.283111 41.80936 28.68738 10.20068 3.425843 31.53882 9.232899 9.871448 8.873403 8.273024 7.83019 10.3329 7.371727 12.40064 7.32155 7.56045 6.172964 20.31094 64.85256 11.71803 4.336948 2.774867 4.062672 4.764095 4.815381 4.772785 2.114619 2.095687 12.19559 5.754615 15.31732 3.294946 2.443847 1.196993 1.232795 1.3041 1.321443 0.8094729 0.1679745 0.1399702 0.1399702 0.1399702 0.1399702 0.1399702 0.1399702 0.1527045 0.2104574 0.2007534 0.2007534 1.012709 2.206578 3.03565 3.060375 3.644556 7.154533 65.4635 9.115368 6.320482 5.88358 3.084065 1.269134 1.261026 5.201873 2.051294
2.661758 2.142273 1.818724 1.818724 6.239921 7.534324 6.35261 8.104246 8.53516 21.10139 56.99265 37.71812 2.976176 4.565728 6.530088 6.439558 6.142933 5.96654 6.226632 8.076513 7.507266 16.07646 5.849623 5.659643 6.868904 38.74989 35.28328 10.98999 6.095535 2.641696 1.172772 1.315697 1.854073 2.060951 0.8821917 0.8821917 0.9755816 2.649705 3.019948 2.308092 1.489075 1.196993 1.203676 1.230202 1.409111 2.898795 1.912547 1.134785 0.1399702 0.1399702 0.1399702 0.1399702 0.2368324 0.2994195 0.2040617 0.2007534 0.2007534 0.2007534 0.2007534 0.830022 1.694877 6.357475 26.53483 108.3743 347.7444 12.87822 9.249146 9.35273 6.78948 5.946691 3.095802 2.298448
8.431491 1.856852 1.818724 2.630867 6.925923 7.534338 7.534338 7.608521 7.185774 7.666638 10.93058 7.652528 2.183599 2.156533 3.866599 6.650969 4.372766 5.696704 55.91726 9.219045 6.633587 6.064322 4.953747 3.842668 3.806266 9.821936 8.812947 33.36613 14.54243 1.826885 1.15625 1.110528 0.8935366 0.898676 0.9843602 1.141573 1.631762 1.364137 1.283432 2.010926 2.03659 2.526468 2.738226 2.764586 55.3527 7.704149 1.176775 0.4613953 0.3714126 0.299109 0.2741147 0.3643423 0.4136876 0.2998959 0.2699113 0.366865 0.4150257 0.6678276 1.154305 1.446369 1.837262 2.166314 7.787948 18.48396 12.31802 9.355515 7.842647 6.78948 7.356528 10.12573 34.44403 194.551
15.53228 2.542004 2.005946 3.471955 7.244256 6.009415 4.402376 2.167758 1.652182 0.7392606 0.6877762 0.9127515 1.773765 2.088644 2.231767 2.699814 3.338351 6.420002 37.70746 9.513029 6.781107 5.859577 3.336013 1.813153 2.379633 2.55792 3.391253 3.120319 3.080389 1.770345 1.123492 0.7042781 0.6983026 0.6914662 1.333519 1.557812 1.894887 8.832066 2.485802 2.982146 2.81193 3.117698 2.652478 2.078588 2.54791 2.945741 1.171586 0.4635992 0.4635992 0.4635992 0.4449224 0.4103117 0.3864596 0.3585024 0.4817064 0.5525447 0.6176157 0.7229473 0.4030043 0.4159292 1.502122 2.003146 2.226402 4.251948 5.585149 6.425576 5.692272 5.990793 5.786216 6.528254 5.477877 5.324706
4.660707 3.923174 3.220696 3.394916 10.06025 4.761652 1.514993 1.514993 1.283269 0.818118 0.7603002 0.6885207 0.9314376 1.908052 2.466015 5.86922 8.656049 7.243476 7.013379 10.77941 10.06744 10.00833 9.200098 9.339778 3.554921 2.25863 1.759694 1.291355 1.362841 1.289999 1.176861 0.6288428 0.6288232 0.6288232 0.7597951 1.260907 1.424677 1.965108 2.649313 2.271713 1.501925 1.263156 1.545155 1.456729 1.430092 1.645394 1.697749 0.5705062 0.5265514 0.3540586 0.1809894 0.1931038 0.3704561 0.3999109 0.4116017 0.5081973 0.6755853 0.6308409 0.3425647 0.2470693 0.9305834 1.959772 1.969406 1.969496 2.487318 3.724204 3.854888 4.621601 6.383757 7.015939 4.233748 3.913673
4.755937 23.19753 23.59772 38.01175 49.82795 44.64011 4.790717 1.402374 1.366509 1.262369 1.200155 3.627455 1.957839 6.087863 10.52649 10.8424 10.8424 9.048952 10.14605 22.62977 17.01245 9.562678 12.15245 13.60251 7.927355 2.954214 1.353972 1.32419 1.316699 1.185834 1.012897 0.7940109 0.7699041 0.7184079 0.8159355 1.173514 1.154884 0.7945108 0.6529689 2.049297 8.993043 0.6555579 1.242491 1.090675 0.998868 0.9511863 0.7752792 0.7656837 0.7696055 0.5990285 0.2377943 0.1829979 0.5444366 0.7658615 0.6685744 1.006838 1.197978 0.743996 0.4889924 0.443116 0.5182682 0.737026 1.151556 1.422005 1.477515 1.518388 1.160502 1.3598 15.04545 4.315927 6.829549 4.732665
21.16506 35.54166 46.83811 48.26294 30.01231 17.63243 2.382888 1.197524 1.197524 1.415042 7.278648 10.8424 10.8424 8.285121 4.012718 5.331266 4.230048 2.593654 2.892149 20.11257 36.22347 29.83713 15.19576 7.353145 6.885461 6.290791 3.080732 1.439949 1.45919 1.30384 0.9384506 0.9384506 0.9389547 0.9460886 0.9931799 1.195583 0.949457 0.6224925 1.727728 5.013641 1.321284 0.6588873 0.5905223 0.6621419 0.6710611 0.7115347 0.9111583 1.229766 0.4786672 0.6352538 0.6166892 0.5243325 0.739661 0.7851651 0.8575881 0.94724 18.84768 1.241957 1.231766 1.349998 1.232529 0.6649312 0.5508201 0.4933646 0.661298 1.144007 0.9790453 2.925104 2.651475 1.00656 1.055952 1.124038
10.77889 7.815305 7.777891 10.61269 1.743112 1.197524 1.197524 1.197524 1.197524 5.146284 10.71334 10.8424 9.977885 2.272821 0.771018 0.771018 1.11368 1.958606 1.958606 1.958606 10.4136 22.16141 18.21461 4.770611 3.984606 2.507478 2.254061 2.221418 2.220943 2.001229 0.977662 0.7835819 1.201967 1.24344 1.255472 4.645591 1.275958 1.2852 0.9739174 1.281476 0.7303896 0.5673923 0.5294184 0.6162096 0.5053272 0.631099 0.8099546 0.8270353 0.6146865 0.7410061 0.5640664 0.5635726 0.6779162 0.8181341 1.079764 1.238822 1.33877 1.566104 1.787246 1.441528 0.9296116 0.7799611 0.6557783 0.5876975 33.13061 1.307608 1.638344 32.60755 11.6221 3.445753 0.7551664 0.7231772
0.7243214 0.6799384 0.6799384 0.6799384 1.051506 1.750165 1.741142 1.538231 1.372862 2.04059 5.508405 5.52491 5.787325 1.440828 0.771018 0.771018 1.152299 1.958606 1.958606 2.143427 2.436399 2.449411 2.421173 1.497499 1.516143 1.545578 1.518267 1.59181 1.538998 1.168134 0.7410988 0.2798156 1.207489 1.26174 1.230053 12.44405 1.413446 1.466528 1.272101 0.8565161 0.7410656 0.4519687 0.3449872 0.3196681 0.3782628 0.5613242 0.7030072 0.5991259 0.6187381 0.5619001 0.6010265 0.8332544 1.505229 1.331962 1.481389 1.38252 1.342528 1.519999 1.445037 1.311698 1.119702 1.030378 3.689794 3.113056 11.89715 1.330286 1.390502 3.008536 3.601481 5.080179 4.49406 1.581381
0.6993514 0.6799384 0.6799384 0.6799384 0.796585 2.095681 2.115448 2.115448 2.115448 2.067 1.728168 1.584396 1.584396 1.498996 1.331321 1.406575 1.477732 1.731167 1.706252 2.027556 2.136722 2.322611 2.327582 1.500939 1.468903 1.468903 1.468903 4.204587 15.76061 8.936996 4.423121 2.186869 10.99322 1.235127 1.20271 1.204971 1.116644 1.033762 0.9124826 4.927453 0.7069259 0.521584 0.4565439 0.263487 0.276272 0.3461525 0.3930093 0.3542105 0.2849226 0.3490882 0.5479084 0.7843786 1.391242 1.055177 1.265312 1.186222 1.053904 1.244664 1.320576 1.427441 1.331621 1.091558 0.9570982 0.8854089 1.051092 2.135152 1.65516 2.007936 24.28302 158.4546 44.27436 0.4452395
0.6922039 0.6799384 0.6799384 0.6799384 0.7179728 1.978169 2.115448 2.115448 2.115448 2.115448 1.739778 1.584396 1.584396 1.584396 1.584396 1.584396 1.876936 1.726335 1.58684 1.94011 2.061893 2.061893 2.061893 2.061893 2.596819 2.809535 3.176863 5.098795 12.86695 14.62156 13.02895 15.39848 32.9128 1.368938 2.089095 1.447181 1.466349 1.066801 0.8913398 10.84695 0.7010788 0.529358 0.4394305 0.2879155 0.2910827 0.2906417 0.2769979 0.306789 0.3065241 8.701537 0.3226707 0.442958 0.5489836 0.5948974 0.7218124 0.7647952 0.9438751 1.067591 1.394038 1.903384 1.390898 1.515707 1.046326 1.101588 1.181286 1.20204 0.9863121 1.000563 5.152414 235.6395 88.1412 2.586941
0.6799384 0.6799384 0.7545651 1.342363 1.412506 1.905693 2.115448 2.115448 2.115448 2.0944 1.749188 1.828334 1.921241 1.73505 1.642074 1.615969 3.305121 3.465894 3.401083 3.192866 2.742238 2.642382 4.325547 1.95505 2.727319 3.657526 3.486073 9.58444 3.817878 3.152573 13.20256 38.04874 4.652143 1.396073 2.657885 5.988868 2.827818 1.084937 0.9011062 0.7486928 0.771887 1.002885 0.6006175 0.4069712 0.3377131 0.3664117 0.435549 0.461762 0.41813 0.4464487 0.5021403 0.4172021 0.44819 0.4822512 0.6267738 0.6728562 0.8300071 0.9498329 5.379471 5.35532 1.832485 3.23948 2.711642 1.560676 1.373194 1.013918 0.609005 0.4104182 0.412517 0.6052208 2.13831 0.7844509
0.6799384 0.6799384 0.6799384 1.806464 2.115448 2.115448 1.975381 1.910235 2.005424 2.119239 2.117884 2.203817 2.22911 2.22911 2.270465 2.007682 2.67084 3.265288 3.47485 3.485516 3.485516 41.477 33.10532 57.18433 13.45013 2.807721 1.389582 9.611982 3.156432 1.081205 6.742932 4.667686 2.379932 6.796727 6.883931 4.737322 11.70704 6.86643 1.143708 0.8176157 0.7279477 0.7800458 0.7013193 0.4277993 0.46463 0.4289584 0.3943219 0.4037214 0.434611 0.4538935 0.5499119 0.4505232 0.450413 0.4278547 0.6366899 0.64281 0.6447536 0.8056154 1.086566 2.119947 2.272024 2.327383 2.069513 1.08428 0.9811341 0.7542504 0.7835484 0.5157292 0.3718673 0.2702799 0.2479736 0.3563826
0.6799384 0.6799384 0.6799384 1.395047 1.830555 0.8693751 0.869375 0.869375 1.397116 2.144631 2.144631 2.280721 3.0242 3.808447 3.854016 2.557963 2.22911 2.22911 2.25864 3.420826 3.485516 11.1558 14.70903 19.14236 3.910179 1.561033 0.9277568 2.735226 2.95051 1.588078 3.667223 1.376044 0.6261755 0.8617961 0.301053 5.098763 3.948756 1.930871 1.083753 0.5988497 0.4101343 0.3102789 0.6650132 0.3361276 0.38223 0.3607257 0.357193 2.246909 3.450887 2.727149 0.4391438 0.3755115 0.3972461 0.5356705 0.7116435 0.8090287 0.5561201 14.60131 0.8139367 2.71724 1.694422 13.50713 1.026548 1.116118 1.108493 0.7556711 0.6941331 0.8434794 0.6052387 0.4161966 0.3586373 0.296125
0.6661346 0.66598 0.6661757 0.6873728 0.869375 0.869375 0.869375 0.8693751 1.465776 2.144631 2.144632 2.144631 2.558177 3.056491 3.225693 3.390847 3.287021 2.324273 2.22911 2.22911 2.788413 2.272034 4.131699 15.69545 3.006938 108.2547 24.12379 2.172641 0 0 0 0.1387145 0.1836972 0.06701417 0 0.2933439 1.087971 1.00355 1.040882 0.5190374 0.2521752 0.2184736 0.2743688 0.2562553 0.2497834 0.3127424 0.3826642 0.4530842 0.402323 0.6151326 0.5979475 0.4232291 0.4525888 0.4923601 0.4289628 0.3742513 0.4131239 0.5416658 0.8873135 1.020589 0.6559377 0.7158585 0.8639966 0.8445549 0.6135728 0.6258005 0.5978315 1.010718 3.69355 1.228103 0.3677436 0.3709678
0.6649991 0.6649991 0.6649991 0.6960573 0.8660533 0.869375 0.869375 0.8693751 0.9755808 1.914367 2.694015 2.546102 9.994468 21.26766 3.715737 3.100129 3.531505 2.426984 6.74909 16.91966 12.20568 3.482431 2.167841 1.181489 12.63879 10.17856 9.655018 4.581326 4.563761 0 0 0 0.001101789 0.4256927 0.5818396 0.3605494 0.8061891 0.7868565 0.91146 0.5335341 0.2276746 0.213025 0.2496767 0.2086923 0.2082329 0.2026458 0.2590739 0.3545603 0.2272582 0.2031858 0.2359751 0.2492866 0.4064916 0.5029204 0.4392957 0.3756967 0.3910163 0.5768403 0.6079482 0.5814141 0.399341 0.3997227 0.4508411 0.446206 0.3537166 0.3006029 0.2952077 0.3590921 0.8287004 0.3116386 0.2085872 0.2744985
0.6649991 0.6649992 0.6649992 0.9657803 1.020581 2.888466 3.502055 3.082302 12.54222 4.097802 5.245177 5.506033 12.76189 29.90298 20.76946 14.96591 6.733294 6.405222 10.97722 25.24442 64.90865 31.80116 6.274643 3.812403 16.91761 35.39703 24.0676 20.70516 41.41533 21.37721 3.906678 2.237313 2.289657 0.5371102 0.4710191 1.769292 0.4455109 0.2071588 0.4462407 0.2511179 0.04249714 0 0.005891577 0.3052419 0.2181453 0.1051425 0.102942 0.102942 0.1632493 0.1929576 0.08367785 0.08292593 0.1159748 0.2032991 0.248356 0.4012313 0.4949563 0.401106 0.3546542 0.5076934 0.4916696 0.4811209 0.3698828 0.2454986 0.2543503 0.2789996 0.2766149 0.2104602 0.1290835 0.1181591 0.118519 0.1384319
0.6649991 0.6649991 0.9082587 0.7273344 5.40319 8.656623 8.651301 6.435793 21.29585 23.93792 20.76707 7.251226 4.29025 4.861914 10.3334 10.89243 18.64834 105.5353 50.65525 17.5827 16.81505 10.05707 7.143031 4.338379 22.92947 120.2572 39.02118 132.1588 198.2346 62.19886 171.3212 114.9773 24.68702 14.03174 18.73855 34.33302 3.865176 2.463831 0.8404015 0.7412224 0.4851727 0.1441586 0.5765026 0.2279194 0.05512556 0.02986833 0.06103511 0.1029382 0.1537607 0.1783276 0.08292593 0.08831424 0.1304249 0.1229753 0.115586 0.1621809 0.3512001 0.2590097 0.2590097 0.3790924 0.4340838 0.4133306 0.2738642 0.2667001 0.2229169 0.2351962 0.2577291 0.5675285 0.3982475 0.1619549 0.1711333 0.1404667
11.92549 7.629274 7.346204 6.550834 8.162743 11.60645 9.503869 6.435793 16.57741 27.95308 30.4842 26.83056 22.06577 20.99307 9.746156 7.902726 8.835612 37.61575 278.533 124.9064 49.55442 40.75722 23.81179 7.449357 0.003520961 0.01444908 2.400316 3.68898 7.420377 9.839436 128.7476 1232.055 5.101798 8.242982 32.1553 34.49644 20.10834 2.673437 1.669591 1.933994 1.888693 9.135741 13.0796 0.7666016 1.295513 2.699167 1.383448 0.0676848 0.1496702 0.1581736 0.08292593 0.09112361 0.1320507 0.1248822 0.1188304 0.1570518 0.1817335 0.1909359 0.1861444 0.1876881 0.231643 0.228725 0.215175 0.2209789 3.686842 2.569442 0.5336283 1.190272 1.081132 0.1799333 0.199396 0.2125218
8.357986 7.724163 11.16062 10.81439 33.87635 22.04323 12.85254 6.784432 18.07092 636.6368 119.3113 28.44981 23.33786 15.61783 8.291595 6.563972 6.562661 10.32774 25.71354 50.47866 55.03326 18.11562 44.2686 28.54474 9.18319 1.230596 0.2918668 1.358164 2.943371 6.284272 6.930929 7.30568 9.215132 6.404939 10.39804 18.10182 11.63757 5.116258 2.229484 4.583675 14.7696 13.55662 11.2993 12.32252 3.130817 3.098679 0.3396908 0.08143227 0.1372157 0.1165436 0.08292594 0.103397 0.1320507 0.1217887 0.1155284 0.1564806 0.1570518 0.1570518 0.1570518 0.1518888 0.1392036 0.1550372 0.1814137 0.151256 1.43377 1.28528 0.1610259 0.3320246 0.2094227 0.5902866 0.6522461 0.6188216
25.74724 8.331607 11.53343 15.12118 65.5848 454.6662 61.45992 13.34389 32.95276 31.7194 22.00835 17.82913 48.33792 12.88207 11.91586 5.849334 7.829345 16.53264 14.50825 5.772139 1.327408 0.6679039 0.2119277 0.4426501 0.4703538 0.2055099 0.3647403 1.479684 1.048751 2.393832 1.873905 4.931602 12.27378 21.62848 80.2044 48.93338 33.10368 2.581889 0 0 0.3135791 6.191418 38.18562 97.77857 3.65743 2.207057 1.416816 0.0006476936 0.04167122 0.09514767 0.09924101 0.26924 0.4374166 0.3659735 0.1791128 0.1166034 0.1084389 0.1073279 0.1511733 0.1561355 0.09594819 0.09880909 0.1812103 0.1270343 0.1315159 0.1473855 0.1473855 0.1507677 0.1531584 0.5585379 0.6522461 0.6474382
16.42992 12.45816 10.62137 16.93982 24.44874 22.00908 16.42088 10.75128 8.285233 7.784336 7.643991 6.341148 6.486858 7.234887 7.272581 7.039101 3.350905 1.788985 2.849599 3.497513 5.604066 3.016815 1.995846 2.361746 3.554344 4.431524 4.989168 8.932271 47.39344 83.81943 10.28963 0.04888174 3.779578 3.209989 0 0.8573183 0 0 0 0 0 0 0.06795686 0.6081527 1.128577 0.05630908 0 0.1677705 0.09056581 0.01439168 0.1560687 0.1744925 0.4212528 0.5096775 0.05530612 0.01138525 0.4127045 0.7021359 0.8505866 0.7006141 0.9781429 0.6996802 0.1545449 0.1240064 0.1322386 0.1473855 0.1473855 0.1495743 0.2723786 0.4089641 0.8884179 1.83069
