DATA/gpw_v4_population_density_rev11_2015_30_min_origin.asc
ncols         720
nrows         360
xllcorner     -180
yllcorner     -90
cellsize      0.5
NODATA_value  -9999
[rows 32 to 63 of 360, columns 360 to 431 of 720]
-9999 -9999 -9999 -9999 -9999 -9999 -9999 -9999 -9999 -9999 -9999 -9999 -9999 -9999 -9999 -9999 -9999 -9999 -9999 -9999 -9999 -9999 -9999 -9999 -9999 -9999 -9999 -9999 -9999 -9999 -9999 -9999 -9999 -9999 -9999 -9999 -9999 -9999 -9999 -9999 -9999 -9999 -9999 -9999 -9999 -9999 -9999 -9999 -9999 -9999 -9999 -9999 -9999 -9999 -9999 -9999 -9999 -9999 -9999 -9999 -9999 -9999 -9999 -9999 -9999 -9999 -9999 -9999 -9999 -9999 -9999 -9999
-9999 -9999 -9999 -9999 -9999 -9999 -9999 -9999 -9999 -9999 -9999 -9999 -9999 -9999 -9999 -9999 -9999 -9999 -9999 -9999 -9999 -9999 -9999 -9999 -9999 -9999 -9999 -9999 -9999 -9999 -9999 -9999 -9999 -9999 -9999 -9999 -9999 -9999 -9999 -9999 -9999 -9999 -9999 -9999 -9999 -9999 -9999 -9999 -9999 -9999 -9999 -9999 -9999 -9999 -9999 -9999 -9999 -9999 -9999 -9999 -9999 -9999 -9999 -9999 -9999 -9999 -9999 -9999 -9999 -9999 -9999 -9999
-9999 -9999 -9999 -9999 -9999 -9999 -9999 -9999 -9999 -9999 -9999 -9999 -9999 -9999 -9999 -9999 -9999 -9999 -9999 -9999 -9999 -9999 -9999 -9999 -9999 -9999 -9999 -9999 -9999 -9999 -9999 -9999 -9999 -9999 -9999 -9999 -9999 -9999 -9999 -9999 -9999 -9999 -9999 -9999 -9999 -9999 -9999 -9999 -9999 -9999 -9999 -9999 -9999 -9999 -9999 -9999 -9999 -9999 -9999 -9999 -9999 -9999 -9999 -9999 -9999 -9999 -9999 -9999 -9999 -9999 -9999 -9999
-9999 -9999 -9999 -9999 -9999 -9999 -9999 -9999 -9999 -9999 -9999 -9999 -9999 -9999 -9999 -9999 -9999 -9999 -9999 -9999 -9999 -9999 -9999 -9999 -9999 -9999 -9999 -9999 -9999 -9999 -9999 -9999 -9999 -9999 -9999 -9999 -9999 -9999 -9999 -9999 -9999 -9999 -9999 -9999 -9999 -9999 -9999 -9999 -9999 -9999 -9999 -9999 -9999 -9999 -9999 -9999 -9999 -9999 -9999 -9999 -9999 -9999 -9999 -9999 -9999 -9999 -9999 -9999 -9999 -9999 -9999 -9999
-9999 -9999 -9999 -9999 -9999 -9999 -9999 -9999 -9999 -9999 -9999 -9999 -9999 -9999 -9999 -9999 -9999 -9999 -9999 -9999 -9999 -9999 -9999 -9999 -9999 -9999 -9999 -9999 -9999 -9999 -9999 -9999 -9999 -9999 -9999 -9999 -9999 -9999 -9999 -9999 -9999 -9999 -9999 -9999 -9999 -9999 -9999 -9999 -9999 -9999 -9999 -9999 -9999 -9999 -9999 -9999 -9999 -9999 -9999 -9999 -9999 -9999 -9999 -9999 -9999 -9999 -9999 -9999 -9999 -9999 -9999 -9999
-9999 -9999 -9999 -9999 -9999 -9999 -9999 -9999 -9999 -9999 -9999 -9999 -9999 -9999 -9999 -9999 -9999 -9999 -9999 -9999 -9999 -9999 -9999 -9999 -9999 -9999 -9999 -9999 -9999 -9999 -9999 -9999 -9999 -9999 -9999 -9999 -9999 -9999 -9999 -9999 -9999 -9999 -9999 -9999 -9999 -9999 -9999 1.023497 1.023497 1.023497 1.023497 6.491526 -9999 -9999 0.3754278 0.5362363 0.6374223 -9999 -9999 -9999 -9999 -9999 -9999 -9999 -9999 -9999 -9999 -9999 -9999 -9999 -9999 -9999
-9999 -9999 -9999 -9999 -9999 -9999 -9999 -9999 -9999 -9999 -9999 -9999 -9999 -9999 -9999 -9999 -9999 -9999 -9999 -9999 -9999 -9999 -9999 -9999 -9999 -9999 -9999 -9999 -9999 -9999 -9999 -9999 -9999 -9999 -9999 -9999 -9999 -9999 -9999 -9999 -9999 -9999 -9999 1.584688 1.584688 5.599556 11.68542 7.899333 1.060356 0.8753248 1.606473 4.550975 2.09857 1.317347 0.4048031 0.5858762 0.6532606 0.8375319 0.9174338 1.306383 1.370634 1.370634 -9999 -9999 -9999 -9999 -9999 -9999 -9999 -9999 -9999 -9999
-9999 -9999 -9999 -9999 -9999 -9999 -9999 -9999 -9999 -9999 -9999 -9999 -9999 -9999 -9999 -9999 -9999 -9999 -9999 -9999 -9999 -9999 -9999 -9999 -9999 -9999 -9999 -9999 -9999 -9999 -9999 -9999 -9999 -9999 -9999 -9999 28.88803 7.970068 2.26162 2.26162 4.650498 6.006172 1.245617 1.107902 2.175566 5.271494 6.339069 2.999333 0.6308161 0.7688246 0.7996703 0.7826582 0.4376426 0.4852371 0.5854923 0.6476515 0.6957549 0.645538 2.896798 3.59276 3.03478 3.029187 3.256922 -9999 -9999 -9999 -9999 -9999 -9999 -9999 -9999 -9999
-9999 -9999 -9999 -9999 -9999 -9999 -9999 -9999 -9999 -9999 -9999 -9999 -9999 -9999 -9999 -9999 -9999 -9999 -9999 -9999 -9999 -9999 -9999 -9999 -9999 -9999 -9999 -9999 -9999 -9999 -9999 -9999 -9999 -9999 5.50036 12.78616 28.52046 28.32597 21.8771 18.14834 4.150466 2.373255 1.405422 0.9209083 1.067211 3.568247 3.242565 3.323779 1.591195 0.631018 0.6610914 0.5735578 0.3979309 0.286224 0.2788175 0.2587148 0.4807682 1.190946 2.179945 2.714515 3.144226 3.195803 4.330684 4.262833 4.748497 4.343199 4.330684 -9999 -9999 -9999 -9999 -9999
-9999 -9999 -9999 -9999 -9999 -9999 -9999 -9999 -9999 -9999 -9999 -9999 -9999 -9999 -9999 -9999 -9999 -9999 -9999 -9999 -9999 -9999 -9999 -9999 -9999 -9999 -9999 -9999 -9999 -9999 11.35433 7.350266 7.231752 3.385865 3.208664 8.262522 8.814814 3.991017 7.449425 8.527606 1.436389 1.499186 0.9041405 0.9572568 1.071892 0.3156973 0.3091835 0.3091835 0.3559571 0.4853488 0.5105938 0.4162624 0.3368674 0.3745068 0.4156784 0.4314221 0.4314221 0.8778924 2.924871 3.937096 4.291891 4.329953 3.296726 1.753531 7.253583 11.3841 123.1697 26.92125 1.564294 1.564294 1.564294 1.564294
-9999 -9999 -9999 -9999 -9999 -9999 -9999 -9999 -9999 -9999 -9999 -9999 -9999 -9999 -9999 -9999 -9999 -9999 -9999 -9999 -9999 -9999 -9999 -9999 -9999 -9999 -9999 -9999 10.91429 12.76404 14.8389 8.507066 25.70231 16.65697 5.38907 5.053925 2.45182 1.712269 1.801764 1.906429 0.9596302 0.1594406 0.1845185 0.2107155 0.2462331 0.2745531 0.2804412 0.2644182 0.2680409 0.2974416 0.4241508 0.4378994 0.4314221 0.4314221 0.4314221 0.4314221 0.4673036 2.200422 3.015707 2.98586 2.989938 2.202553 1.564294 1.564294 1.564294 46.36057 200.9761 27.14089 0.9485914 0.9508889 0.994971 0.8723798
-9999 -9999 -9999 -9999 -9999 -9999 -9999 -9999 -9999 -9999 -9999 -9999 -9999 -9999 -9999 -9999 -9999 -9999 -9999 -9999 -9999 -9999 -9999 -9999 -9999 9.250067 8.326567 25.86161 20.78636 17.14362 8.59327 2.94293 2.453538 2.699003 6.283307 9.05138 4.067682 2.764338 2.695901 2.481815 1.696614 0.9875095 0.2536472 0.222287 0.1749578 0.1725275 0.3769636 0.5770475 0.5224844 0.6814358 0.7146035 0.6596911 0.6288 0.6363576 0.6507653 0.6820949 0.7051353 1.010498 1.340314 1.564294 1.564294 1.564294 1.564294 1.828148 6.847988 9.308142 10.19411 8.756779 0.5691445 0.2159152 0.2159152 0.2159152
-9999 -9999 -9999 -9999 -9999 -9999 -9999 -9999 -9999 -9999 -9999 -9999 -9999 -9999 -9999 -9999 -9999 -9999 -9999 -9999 -9999 -9999 -9999 -9999 94.74276 15.21197 8.685108 -9999 -9999 12.42749 4.534143 1.753077 1.453254 0.6477621 0.4868915 0.6958917 1.183699 1.33824 1.319997 1.510212 1.822208 1.664731 0.3120858 0.3105233 0.390863 0.5472575 0.7307476 1.282499 1.082117 0.8271452 0.8271452 0.8098176 0.7591144 0.7590921 0.7368842 0.5324087 0.2417586 0.161657 0.2512072 1.028011 2.941059 3.839965 4.269673 8.471471 17.47758 17.36072 23.05994 11.78831 5.442994 1.688457 0.2159152 0.2159152
-9999 -9999 -9999 -9999 -9999 -9999 -9999 -9999 -9999 -9999 -9999 -9999 -9999 -9999 -9999 -9999 -9999 -9999 -9999 -9999 -9999 -9999 -9999 94.74274 94.74275 -9999 -9999 11.66198 13.00159 29.64205 15.80542 4.337477 3.822397 0.266814 0.2714103 0.2714582 0.2922551 0.3661893 0.5410717 0.6833364 0.7234164 6.073616 0.7091796 0.6704528 0.7132404 0.7275232 0.7372712 1.280117 1.485877 2.091318 3.095307 2.619476 1.130193 0.7299511 0.5624959 0.3571057 0.2755676 0.3804166 1.311114 3.133992 3.783292 4.573398 4.354741 4.553236 6.826403 12.83946 22.58141 10.48859 7.423325 2.628912 0.2705179 0.2252971
-9999 -9999 -9999 -9999 -9999 -9999 -9999 -9999 -9999 -9999 -9999 -9999 -9999 -9999 -9999 -9999 -9999 -9999 -9999 -9999 -9999 -9999 -9999 -9999 113.3077 3.005388 3.772379 6.83839 4.649638 3.070199 4.404655 1.403012 0.347701 0.2454354 0.2500078 0.2604375 0.2649763 0.2706535 0.2714583 0.2885952 0.4165303 0.5489869 0.718136 0.7244869 0.9757544 0.9310022 1.288773 1.788694 2.057156 2.616232 7.909643 8.020074 7.763593 3.729438 2.115667 1.844387 0.8325613 0.6466994 2.232959 2.788019 2.79865 2.825357 2.856693 3.48055 3.713834 3.035007 1.264908 0.3278005 0.3221344 0.3221344 0.3221344 0.3113358
-9999 -9999 -9999 -9999 -9999 -9999 -9999 -9999 -9999 -9999 -9999 -9999 -9999 -9999 -9999 -9999 -9999 -9999 -9999 -9999 -9999 -9999 -9999 49.72203 14.62546 7.470168 6.122223 5.349177 5.453986 4.929773 3.452631 0.3000734 0.2720992 0.2506921 0.2454354 0.2454354 0.2454354 0.3191217 0.4189702 0.3127249 0.3032247 0.6225065 0.7701591 0.7553793 2.331783 1.715856 4.507754 4.889101 10.82993 3.578642 5.104162 5.487188 5.428907 4.165038 2.76378 1.321493 1.142287 2.333236 2.691398 1.918017 0.7640734 0.7640733 0.7640734 1.071596 1.361306 0.7762602 0.7640734 0.7640733 0.7640733 1.207057 0.3221344 0.3221344
-9999 -9999 -9999 -9999 -9999 -9999 -9999 -9999 -9999 -9999 -9999 -9999 -9999 -9999 -9999 -9999 -9999 -9999 -9999 -9999 -9999 -9999 -9999 8.903616 10.51766 8.008495 6.351378 2.835958 1.326139 0.5229052 0.3622029 0.3599084 0.5343579 0.3488441 0.3079669 0.2793904 0.4546216 1.072839 1.074717 1.378673 4.383251 5.981943 12.28062 22.48083 60.47486 7.301895 14.87525 11.40884 20.58578 33.40837 4.384066 3.956539 2.162583 1.310407 1.384159 1.431864 1.513982 2.551963 2.957898 2.716977 0.9745259 0.7516874 0.7519778 0.7627048 0.7640733 0.7640734 0.7640734 1.038101 1.421494 2.109948 2.20041 -9999
-9999 -9999 -9999 -9999 -9999 -9999 -9999 -9999 -9999 -9999 -9999 -9999 -9999 -9999 -9999 -9999 -9999 -9999 -9999 -9999 -9999 15.81815 15.81815 4.563785 4.773228 4.36755 1.371987 0.6219257 0.5475796 0.7625613 0.7593734 0.8317498 0.9164175 1.008734 0.8141696 0.5862947 1.509197 1.7635 1.556106 3.044792 5.730483 8.577425 11.5316 15.28081 66.0538 90.98732 -9999 -9999 -9999 4.783359 31.05846 32.57678 49.71065 8.353336 1.48385 1.393885 1.506958 1.576715 1.570838 2.120576 2.226194 0.9778687 0.6703478 0.6773913 0.6939394 1.635844 2.066288 2.09539 2.20041 2.20041 1.215928 1.215928
-9999 -9999 -9999 -9999 -9999 -9999 -9999 -9999 -9999 -9999 -9999 -9999 -9999 -9999 -9999 -9999 -9999 -9999 -9999 -9999 -9999 10.80149 9.683653 6.134816 2.620362 1.288456 0.5202338 0.3572094 0.2256204 0.3116524 0.8033968 0.9121847 0.8538623 0.8706462 0.9771596 1.684197 2.120776 2.12993 2.143399 2.241421 6.359519 17.26468 45.00009 4.766884 -9999 -9999 -9999 -9999 37.00606 18.75181 21.0919 36.62386 27.45338 12.38375 1.804817 1.330218 1.513558 1.61455 1.60051 3.381249 7.119426 6.188233 1.212061 0.6703479 0.6738881 1.187071 1.686559 1.705237 1.710554 1.718239 1.970413 1.307369
-9999 -9999 -9999 -9999 -9999 -9999 -9999 -9999 -9999 -9999 -9999 -9999 -9999 -9999 -9999 -9999 -9999 -9999 12.59341 3.44756 2.973235 2.785603 7.113177 12.32279 2.925725 1.124506 0.6592289 0.5304163 0.4501869 0.8273618 1.581389 1.186337 1.06254 0.807317 0.6668129 0.7169614 1.181978 1.909858 2.084219 3.78784 6.068628 4.557124 4.251232 3.973221 -9999 -9999 32.9175 15.10184 11.35346 16.03876 7.685622 3.485271 2.740025 7.213107 14.84681 13.17151 3.971122 2.802058 1.829921 1.829368 3.09025 1.451432 1.567527 0.7147469 0.7101312 0.9865722 2.543809 2.282616 2.379384 1.987635 1.487643 1.487643
-9999 -9999 -9999 -9999 -9999 -9999 -9999 -9999 -9999 -9999 -9999 -9999 -9999 -9999 -9999 -9999 13.89649 12.69314 10.42262 15.12205 8.306638 10.53375 27.32627 12.24575 7.335951 1.101922 0.4571841 1.103619 1.267248 1.020629 1.689295 1.858004 1.194318 1.267478 1.322962 1.328537 1.808655 2.252961 3.9819 16.8745 118.7218 7.688792 -9999 -9999 10.33429 43.68636 19.5155 21.02137 11.24804 8.976811 10.42488 5.087791 4.900279 7.761472 10.79039 7.214678 3.267049 3.419288 4.183409 3.102765 1.629343 0.7182211 0.7182211 0.7182211 0.7688613 1.620534 2.946526 4.205365 4.463612 4.142573 2.983959 2.205528
-9999 -9999 -9999 -9999 -9999 -9999 -9999 -9999 -9999 -9999 -9999 -9999 -9999 -9999 29.84523 90.65589 6.511031 5.474911 5.012583 13.79229 141.6963 54.74351 9.838094 1.939258 1.751994 1.742736 1.428854 2.536917 8.459777 41.22642 5.244619 1.539866 2.061982 2.289574 9.41987 2.916685 8.586973 40.34682 9.141604 5.690438 -9999 12.71437 65.81137 85.08293 12.07543 14.57771 12.1325 8.285314 5.481372 3.024709 3.712946 4.651196 4.787222 5.606544 14.57877 21.1111 7.616948 3.900717 3.746624 4.338283 4.520518 2.596961 1.257201 0.7731607 0.7402006 1.269924 2.460796 2.868365 3.72099 3.656158 3.267085 3.507045
-9999 -9999 -9999 -9999 -9999 -9999 -9999 -9999 -9999 -9999 -9999 -9999 95.42252 29.09229 28.66616 15.99116 4.851766 4.310783 3.611678 3.269444 3.097688 2.725374 2.096264 2.194211 0.9404014 0.5401018 0.5686724 1.012759 1.84786 3.498629 2.639764 2.299225 2.085073 2.635385 10.68111 22.37584 16.77242 8.377665 -9999 -9999 -9999 10.75458 9.779524 13.91571 18.11289 28.56271 23.60323 9.937547 5.833096 5.418759 6.484722 17.11969 8.648283 9.310848 38.14566 39.89455 26.04724 7.314633 11.28149 18.91503 27.66288 8.072578 1.797616 1.407882 1.376997 1.309491 3.607463 5.487484 5.320378 3.093721 2.477882 2.420992
-9999 -9999 -9999 -9999 -9999 -9999 -9999 -9999 -9999 31.97801 14.18849 33.69775 53.11615 15.95585 4.197633 2.986102 1.976655 1.798054 2.184331 2.160613 2.17626 2.537067 1.372765 1.708521 1.012091 0.7167103 0.8564541 0.9059833 0.9519117 1.018101 2.346893 4.358867 3.635088 8.338058 67.43442 36.89904 -9999 -9999 -9999 -9999 -9999 -9999 11.97203 7.582083 8.93892 7.945147 14.50125 8.786773 10.47668 8.551747 33.69867 74.11921 14.54616 9.685534 14.48153 12.49536 18.97403 9.429863 14.08488 10.34199 13.52362 16.08092 1.519327 1.393319 1.393319 1.393923 5.550179 6.195638 7.315744 4.791486 2.477882 1.802878
-9999 -9999 -9999 -9999 -9999 -9999 -9999 -9999 -9999 9.66325 13.75918 9.983236 8.556089 5.927316 3.71616 1.627567 1.298082 1.912934 4.462914 4.927448 2.638994 1.472446 0.6631457 0.8249444 0.9356966 0.5558959 0.5989071 1.171378 2.025971 0.8030803 2.015409 4.536271 6.410377 9.712307 27.23082 53.20582 -9999 -9999 -9999 -9999 -9999 -9999 23.06945 41.38931 22.76487 12.57036 22.25842 144.6667 48.7258 13.752 14.30143 28.15984 5.274777 8.380981 23.43325 11.20722 4.90119 14.18929 10.52793 7.33178 11.89715 14.08924 6.016831 3.415509 2.455208 2.118995 2.488594 2.955026 183.0524 32.83804 2.640616 1.711813
-9999 -9999 -9999 -9999 -9999 -9999 -9999 -9999 -9999 5.159773 6.624669 8.494939 7.242405 6.790662 5.211545 3.960965 2.029467 2.669044 4.57631 5.198391 19.69888 19.17218 10.838 6.367968 2.913251 1.724193 1.507199 2.404314 5.186147 4.245509 3.444667 6.135348 13.83351 9.952388 36.6234 -9999 -9999 -9999 -9999 -9999 -9999 -9999 53.125 47.48922 24.54534 17.8195 28.53163 85.52026 38.72963 28.91456 19.64937 39.64146 22.06461 19.29077 9.369084 10.02834 24.37309 39.76409 19.18659 10.99457 8.352734 14.24009 15.6088 8.479607 6.5853 4.828503 5.254443 3.801405 4.588831 4.576746 4.579273 4.555497
-9999 -9999 -9999 -9999 -9999 -9999 -9999 -9999 -9999 51.51281 33.94405 10.01332 6.775082 5.083339 1.248437 2.141293 3.333228 4.983889 5.727246 5.220687 18.61958 36.3473 37.40853 13.30282 5.909501 1.320428 1.901631 4.528499 6.242479 9.563216 22.9233 34.95066 13.31079 29.63175 94.87337 15.79521 12.02035 -9999 -9999 -9999 12.63442 5.546611 21.01632 20.37557 83.52907 21.41509 18.38474 23.04863 26.34649 75.45911 43.50049 77.24915 17.28967 53.6541 27.78124 16.87601 38.38491 29.6869 28.86951 19.68799 17.63951 17.63951 0 0 0 6.110168 5.861403 5.716838 4.973275 4.517754 3.648744 2.062653
-9999 -9999 -9999 -9999 -9999 -9999 -9999 -9999 -9999 140.2358 329.7707 63.27793 11.00111 3.224648 1.513502 1.243206 2.110953 1.842015 2.867208 11.33311 30.80089 215.8863 65.33987 17.08571 13.23355 5.181853 4.438466 5.731401 5.20861 6.917767 44.9669 18.72194 22.3441 8.87 14.13779 15.59815 14.67078 21.14345 10.3608 35.40621 11.56804 4.706829 16.34013 38.55038 204.0118 30.61595 26.37094 32.8056 58.35421 677.1694 626.7831 65.38639 19.20184 57.57872 90.32218 18.7052 28.72561 28.88626 29.85503 79.46128 790.2698 183.9478 149.0278 15.0738 15.26633 14.71116 12.76861 9.145563 7.409669 7.734791 4.227122 2.266514
-9999 -9999 -9999 -9999 -9999 -9999 -9999 -9999 -9999 -9999 44.6302 17.94344 8.169709 4.233394 1.745731 1.40335 2.630728 4.394073 11.47993 30.53246 193.9424 470.5648 84.66737 11.43465 9.051698 18.12641 20.76588 11.73569 7.724507 9.594326 13.84501 18.36133 59.16147 80.43107 40.17859 211.9486 46.84779 33.79275 14.50344 17.61811 8.545382 5.586867 12.50624 19.59151 10.54881 26.5607 41.80716 22.71285 70.91931 441.1673 23.81785 16.16055 2.936971 31.70669 28.18606 28.18606 28.18606 30.88373 74.78009 151.3879 2358.774 327.4301 55.08339 30.88208 17.45332 15.12395 11.76895 9.99588 9.541102 8.749155 6.963417 2.493436
-9999 -9999 -9999 -9999 -9999 -9999 -9999 -9999 -9999 29.64905 153.7031 48.13988 8.558646 1.987485 0.9511274 1.437289 2.135592 5.909137 30.55136 65.27106 152.3144 186.7879 72.86724 13.17565 8.564983 15.83069 63.56754 109.5592 30.93833 27.32216 112.5684 25.34321 62.17633 50.41522 42.98233 685.1608 985.6829 58.8233 26.52554 27.29451 -9999 -9999 -9999 -9999 2.221122 12.95678 2.091917 4.06712 36.09834 333.9036 22.79239 9.174381 24.88155 9.737393 43.7266 18.92009 61.44572 24.79605 17.46299 34.10287 71.90356 41.1506 31.78983 13.80718 14.19338 11.86995 4.412636 4.756757 6.654198 6.926581 5.849714 3.66432
-9999 -9999 -9999 -9999 -9999 -9999 -9999 -9999 -9999 -9999 288.7985 234.276 17.70038 4.574304 2.331447 2.962106 4.089032 18.71899 25.94036 53.26021 84.38667 144.0563 22.99095 11.54957 13.86881 20.38603 42.16384 38.5476 14.56826 22.78283 28.02139 31.53907 82.86946 24.34462 61.1599 74.47026 42.44379 14.57996 -9999 -9999 -9999 -9999 -9999 0.4686886 2.429347 7.042287 9.809717 13.25775 6.548338 10.68078 9.414574 15.06186 9.546863 8.714712 11.79631 3.574206 6.463255 7.657212 10.57665 13.87917 10.13863 9.428782 134.7698 11.38629 5.464938 6.09832 5.032679 10.36516 8.797631 3.888736 6.570651 7.91847
-9999 -9999 -9999 -9999 -9999 -9999 -9999 -9999 -9999 -9999 -9999 38.69927 18.05171 17.15161 14.57711 52.32324 77.37715 112.7039 -9999 -9999 -9999 -9999 63.47253 66.45184 80.4772 24.35774 36.59618 52.25137 29.68309 25.40112 29.51604 98.19467 15.299 12.65182 14.59074 -9999 -9999 -9999 3.631823 -9999 -9999 -9999 -9999 1.316826 18.33872 15.82825 4.631943 3.559869 29.55782 30.09246 5.80323 22.1065 14.22988 82.68382 14.02577 5.750533 6.465691 4.191012 3.906395 6.754361 7.923553 7.918561 28.08549 10.07871 4.993193 6.257428 9.720722 17.70225 17.89335 5.745236 3.910244 4.387688
