DATA/gpw_v4_population_density_rev11_2015_30_min_origin.asc
ncols         720
nrows         360
xllcorner     -180
yllcorner     -90
cellsize      0.5
NODATA_value  -9999
[rows 32 to 63 of 360, columns 576 to 647 of 720]
0.04353969 0.04353969 0.04353969 0.04353969 0.04353969 0.04639729 0.06006414 0.0674205 0.06742876 0.06742876 0.06742876 0.06742876 0.06742876 0.06742875 0.06742876 0.06742876 0.06742876 0.06742876 0.06742876 0.06742876 0.06742876 0.06742875 -9999 -9999 -9999 -9999 -9999 -9999 -9999 -9999 0.0540118 0.05401181 0.05401181 0.05401181 0.0540118 0.05401181 0.05401181 -9999 0.05401181 0.05401181 -9999 -9999 -9999 -9999 -9999 -9999 -9999 -9999 -9999 -9999 -9999 -9999 -9999 -9999 -9999 0.05873346 0.05873347 -9999 -9999 -9999 -9999 -9999 -9999 -9999 0.05873346 0.05873346 0.05873347 0.05873347 0.05873347 0.05873347 0.05873346 0.05873347
0.04353969 0.04353969 0.04353968 0.04353969 0.04618214 0.06080325 0.06742876 0.06742876 0.06742876 0.06742876 0.06742876 0.06742876 0.06742875 0.06742876 0.06742876 0.06742876 0.06742876 0.06742875 0.06609037 0.06309512 0.05841651 0.05599648 0.05401182 0.05401181 0.05401182 -9999 -9999 -9999 0.05401181 0.0540118 0.0540118 0.05401182 0.05401181 0.05401181 0.05401181 0.05401181 0.05401182 0.05401182 0.05401181 0.05401181 0.05401181 0.05401181 0.05401181 0.05401181 -9999 -9999 -9999 -9999 -9999 -9999 -9999 -9999 -9999 -9999 -9999 -9999 -9999 -9999 -9999 -9999 -9999 -9999 -9999 0.05873347 0.05873346 0.05873347 0.05873346 0.05873347 0.05873347 0.05873346 0.05873347 0.05873347
0.04353969 0.04353969 0.04353969 0.04353969 0.04353969 0.05394654 0.06585774 0.06742876 0.06742876 0.06742876 0.06742876 0.06742875 0.06742875 0.06742876 0.06742876 0.06742876 0.06742876 0.06742876 0.06742876 0.06742876 0.06674927 0.06189692 0.06019519 0.06167319 0.05541043 0.05401182 0.05401182 0.05401181 0.05401181 0.05401181 0.05401181 0.05401181 0.05401182 0.05401181 0.05401181 0.05401181 0.05401181 0.05401181 0.05401181 0.05401181 0.05401181 0.05401181 0.05401181 0.05401181 -9999 -9999 -9999 -9999 -9999 -9999 -9999 -9999 -9999 -9999 -9999 -9999 -9999 -9999 -9999 -9999 -9999 -9999 -9999 -9999 -9999 0.05873346 0.05873347 0.05873347 0.05873346 0.05873346 0.05873346 0.05873347
0.04353969 0.04353969 0.04353969 0.04353969 0.04353969 0.04353969 0.04938692 0.05689112 0.04733775 0.0469343 0.05356928 0.06742876 0.06742876 0.06742875 0.06742876 0.06742876 0.05608404 0.04861799 0.04672093 0.0388407 0.04678134 0.04420839 0.03917911 0.03565858 0.03240679 0.03519056 0.05401182 0.05401182 0.05401182 0.05401182 0.05401182 0.05401182 0.05401181 0.05401182 0.05401181 0.05401181 0.05401181 0.05401182 0.05401181 0.05401181 0.05401182 0.05401181 0.05401182 0.05401181 -9999 -9999 -9999 -9999 -9999 -9999 -9999 -9999 -9999 -9999 -9999 -9999 -9999 -9999 -9999 -9999 -9999 -9999 0.05873347 0.05873347 0.05873347 0.05873347 0.05873347 0.05873347 0.05873347 0.05873347 0.05768811 0.05141809
0.04353969 0.04353968 0.04353968 0.04353969 0.04353969 0.04353969 0.04353969 0.04353968 0.01327518 0.01324903 0.02731848 0.06243214 0.06742876 0.06561382 0.04944855 0.03804033 0.01836484 0.01324903 0.01324903 0.01324903 0.01324903 0.01324903 0.01324903 0.01324903 0.01324903 0.01372302 0.02835406 0.04907087 0.05401181 0.05401181 0.05401181 0.05401181 0.05401182 0.05401182 0.05401182 0.05401181 0.05401181 0.05401182 0.05401182 0.05401181 0.05401182 0.05401182 0.05401181 0.05401181 0.05401181 -9999 -9999 -9999 0.05873346 0.05873347 0.05873347 -9999 -9999 0.05873347 0.05873346 0.05873346 0.05873346 0.05873346 0.05873347 0.05873346 0.05873345 0.05873346 0.05873346 0.05873347 0.05873346 0.05873346 0.05873347 0.05873347 0.05873346 0.05168157 0.03946305 0.03196461
0.04353968 0.04353969 0.04353969 0.04353969 0.04353969 0.04353969 0.04353969 0.04348544 0.03177257 0.01593752 0.01458122 0.04232972 0.06742876 0.05374312 0.02736316 0.01324903 0.01324903 0.01324903 0.01324903 0.01324903 0.01324903 0.01324903 0.01324903 0.01324903 0.01324903 0.01324903 0.01324903 0.01496703 0.04596301 0.05401182 0.05401181 0.05401182 0.05401182 0.05401181 0.05401182 0.05401182 0.05401182 0.05401181 0.05401181 0.05401182 0.05401182 0.05401182 0.05401181 0.05401181 0.05401181 -9999 -9999 0.05699388 0.05870048 0.05873346 0.05873346 0.05873346 0.05873346 0.05873347 0.05873346 0.05873347 0.05873346 0.05873346 0.05873346 0.05873346 0.05873346 0.05873346 0.05873346 0.05873346 0.05873346 0.05873347 0.05873346 0.05873346 0.05695476 0.03279726 0.03196461 0.03196461
0.04353969 0.04353969 0.04353969 0.04353969 0.03524826 0.02591234 0.02146225 0.01558979 0.01325004 0.01324903 0.02322388 0.03657123 0.03174264 0.02058812 0.01354241 0.01324903 0.01324903 0.01324903 0.01324903 0.01324903 0.01324903 0.01324903 0.01324903 0.01324903 0.01324903 0.01324903 0.01391042 0.0360234 0.05272627 0.05401182 0.05401182 0.05401182 0.05401182 0.05401181 0.05401182 0.05401181 0.05401182 0.05401182 0.05401181 0.05401182 0.05401181 0.05401182 0.05401181 0.05401181 0.05401181 0.05401181 0.05401182 0.05401181 0.05797902 0.05873347 0.05873347 0.05873346 0.05873346 0.05873346 0.05873346 0.05873347 0.05873346 0.05873347 0.05873346 0.05873346 0.05873346 0.05873346 0.05873346 0.05873347 0.05873347 0.05873347 0.05857598 0.04505974 0.03376191 0.03196461 0.03196461 0.03196461
0.04353969 0.04353969 0.04016887 0.0220994 0.01554646 0.01324903 0.01324903 0.01324903 0.01324903 0.01324903 0.01324903 0.01324903 0.01324903 0.01324903 0.01324903 0.01324903 0.01324903 0.01324903 0.01324903 0.01324903 0.01324903 0.01324903 0.01324903 0.01324903 0.0315008 0.05228242 0.0538541 0.05401182 0.05401182 0.05401182 0.05401181 0.05401181 0.05401181 0.05401181 0.05401181 0.05401181 0.05401182 0.05401181 0.05401182 0.05401181 0.05401182 0.05401182 0.05401182 0.05401181 0.05401182 0.05401181 0.05401182 0.05401182 0.05540003 0.05555162 0.05782466 0.05873347 0.05873346 0.05873347 0.05873346 0.05873346 0.05873347 0.05873346 0.05873346 0.05873346 0.05873346 0.05873346 0.05873347 0.05873346 0.05873347 0.05436823 0.03707936 0.03196461 0.03196461 0.03196461 0.03196461 0.03196461
0.02388536 0.02372935 0.02406398 0.01328529 0.01324903 0.01324903 0.01324903 0.01324903 0.01324903 0.01324903 0.01324903 0.01324903 0.01324903 0.01324903 0.01324903 0.01324903 0.01324903 0.01324903 0.01324903 0.01324903 0.01324903 0.01324903 0.01324903 0.01324903 0.04080326 0.05401182 0.05401181 0.05401182 0.05401182 0.05401181 0.05401182 0.05401181 0.05401182 0.05401181 0.05401182 0.05401182 0.05401182 0.05401182 0.05401181 0.05401181 0.05401181 0.05401182 0.05401181 0.05401181 0.05401182 0.05401182 0.05401181 0.05401182 0.05401182 0.05501236 0.06782659 0.08122484 0.08933118 0.08490706 0.07797716 0.08143765 0.08406556 0.06535966 0.05873347 0.05873347 0.05873346 0.05873346 0.05873347 0.05873347 0.05873347 0.05868177 0.05643028 0.05179404 0.04155145 0.04055338 0.03923073 0.03839638
0.01324903 0.01324903 0.01324903 0.01324903 0.01324903 0.01324903 0.01324903 0.01324903 0.01324903 0.01324903 0.01324903 0.01324903 0.01324903 0.01324903 0.01324903 0.01324903 0.01324903 0.01324903 0.01324903 0.01324903 0.01324903 0.01324903 0.01425466 0.02945244 0.04265412 0.03936359 0.03552922 0.04395701 0.05155798 0.05206187 0.05386439 0.05401182 0.05401182 0.05170279 0.05401181 0.05401182 0.05401181 0.05401182 0.05401181 0.05401181 0.05401182 0.05401182 0.05401181 0.05401286 0.05402961 0.05401182 0.05403359 0.05418725 0.05681631 0.08426051 0.09521472 0.09521472 0.09521473 0.09521472 0.09521472 0.09521472 0.09521473 0.07493357 0.06438286 0.06237957 0.05873346 0.05873347 0.05873347 0.05873347 0.05873347 0.05873347 0.05874849 0.0637349 0.06444845 0.06805706 0.06910454 0.06897043
0.01324903 0.01324903 0.01324903 0.01324903 0.01324903 0.01324903 0.01324903 0.01324903 0.01324903 0.01324903 0.01324903 0.01324903 0.01324903 0.01324903 0.01324903 0.01324903 0.01324903 0.01324903 0.01324903 0.01324903 0.01324903 0.01324903 0.01324903 0.01491458 0.02488717 0.03253526 0.03253525 0.03253525 0.03253525 0.03253525 0.03419401 0.04049575 0.0374995 0.03316172 0.03565802 0.04153619 0.04379207 0.04815205 0.05469188 0.05526904 0.05530427 0.05537957 0.05510968 0.05553061 0.05623767 0.05608799 0.05615218 0.05630337 0.05757558 0.07280912 0.09269898 0.09521473 0.09521473 0.09521472 0.09521472 0.09521472 0.09521473 0.09521472 0.09521473 0.09417743 0.06451032 0.05873347 0.05873347 0.05873347 0.05873347 0.05873347 0.05980505 0.0669089 0.06910454 0.06910454 0.06910454 0.06910454
0.01324903 0.01324903 0.01324903 0.01324903 0.01324903 0.01324903 0.01324903 0.01324903 0.01324903 0.01324903 0.01324903 0.01324903 0.01324903 0.01324903 0.01324903 0.01324903 0.01324903 0.01324903 0.01324903 0.01324903 0.01335481 0.01612589 0.01690893 0.02576332 0.03125274 0.03253525 0.03253525 0.03253525 0.03253525 0.03253525 0.03253525 0.03253525 0.03253525 0.03253525 0.03253525 0.03253525 0.03253525 0.04342291 0.05454366 0.05630337 0.05630337 0.05630337 0.05630337 0.05630337 0.05630337 0.05630337 0.05630336 0.05630337 0.05630337 0.06071639 0.08125929 0.09521472 0.09521472 0.09521472 0.09521472 0.09521473 0.09521473 0.09521472 0.09521472 0.09521473 0.09348687 0.06771372 0.05873347 0.05873347 0.05873347 0.05905118 0.06814709 0.06910454 0.06910454 0.06910454 0.06910454 0.06910454
0.01324903 0.01324903 0.01324903 0.01324903 0.01324903 0.01324903 0.01324903 0.01324903 0.01324903 0.01324903 0.01324903 0.01324903 0.01324903 0.01324903 0.01324903 0.01324903 0.01324903 0.01324903 0.01324903 0.01935864 0.02281593 0.03199878 0.03253525 0.03253525 0.03253525 0.03253525 0.03253525 0.03253525 0.03253525 0.03253525 0.03253525 0.03253525 0.03253525 0.03253525 0.03253525 0.03253525 0.03253525 0.04238923 0.05210194 0.05630336 0.05630337 0.05630336 0.05630337 0.05630336 0.05630337 0.05630337 0.05827693 0.06611008 0.07698113 0.09206083 0.09521473 0.09521472 0.09521473 0.09521472 0.09521473 0.09521472 0.09521472 0.09521472 0.09521473 0.09521473 0.09520077 0.07049384 0.05631205 0.05113745 0.04815248 0.04874315 0.05737866 0.06869026 0.06910454 0.06910454 0.06910454 0.06910454
0.01324903 0.01324903 0.01324903 0.01324903 0.01324903 0.01324903 0.01324903 0.01324903 0.01324903 0.01324903 0.01324903 0.01324903 0.01324903 0.01324903 0.01324903 0.01324903 0.01324903 0.01324903 0.01367418 0.02155599 0.0289869 0.03199499 0.03253525 0.03253525 0.03253525 0.03253525 0.03253525 0.03253525 0.03253525 0.03253525 0.03253525 0.03253525 0.03253525 0.03253525 0.03253525 0.03253525 0.03253525 0.03253525 0.03777678 0.05630336 0.05630337 0.05630337 0.05630336 0.05630337 0.05999784 0.06553596 0.08561129 0.09521472 0.09521472 0.09521472 0.09521473 0.09521472 0.09521473 0.09521472 0.09521472 0.09521472 0.09521472 0.09521472 0.09521472 0.09521472 0.09521473 0.08065852 0.052969 0.04414414 0.04414414 0.04414414 0.04414414 0.04540168 0.04598392 0.04945116 0.05882194 0.06853545
0.1243393 0.2325194 0.05566866 0.01324903 0.01324903 0.05203697 0.09511617 0.1451315 0.1379723 0.08280987 0.01324903 0.01324903 0.01324903 0.01324902 0.01324903 0.01324903 0.01324903 0.01324903 0.01324903 0.01324903 0.01324903 0.01644802 0.3224971 0.2954886 0.07104633 0.03253525 0.03253525 0.03253525 0.03253525 0.03253525 0.03253525 0.03253525 0.03253525 0.03253525 0.03253525 0.03253525 0.03253525 0.03253525 0.05627639 0.06869736 0.06096298 0.0685732 0.06172945 0.06120205 0.09057675 0.09521472 0.09521473 0.09521472 0.09521473 0.09521473 0.09521472 0.09521472 0.09521472 0.09521472 0.09521472 0.09521472 0.09521472 0.09521472 0.09521472 0.09521473 0.09521472 0.09521472 0.09507085 0.07831701 0.05588217 0.04414414 0.04414414 0.04414414 0.04414414 0.04414414 0.04414414 0.04553659
0.4641364 0.4741115 0.3617524 0.2300402 0.3676861 0.4697255 0.4741115 0.4741115 0.4741115 0.4736824 0.2186605 0.01324903 0.01324903 0.01324903 0.01324903 0.01324903 0.01324903 0.01324903 0.01324903 0.01324902 0.298531 0.5175147 0.5140944 0.492109 0.433853 0.0385118 0.03253525 0.03253525 0.03253525 0.03253525 0.03253525 0.03253525 0.03253525 0.03253525 0.03253525 0.03253525 0.03253525 0.03608117 0.1122173 0.1327059 0.1316017 0.1338045 0.1337697 0.1332309 0.1147067 0.09741156 0.09521472 0.09521472 0.09521472 0.09521472 0.09521473 0.09521472 0.09521472 0.09521472 0.09521472 0.09525457 0.0980555 0.09919095 0.09682883 0.09538031 0.09521472 0.09521482 0.09541114 0.08516251 0.05751552 0.04458437 0.04414414 0.04414414 0.04414414 0.04414414 0.04414414 0.04414414
0.4741115 0.4741115 0.4741116 0.4741115 0.4741115 0.4741115 0.4741115 0.4741115 0.4509836 0.2457658 0.0871307 0.01324903 0.01324903 0.01324903 0.01324903 0.01324903 0.01324903 0.01324903 0.02396539 0.2144304 0.5020501 0.5307398 0.5223504 0.4904572 0.4776647 0.1496346 0.03643465 0.03253525 0.03253525 0.03253525 0.03253525 0.03253525 0.03253525 0.03253525 0.03253526 0.03253525 0.0326032 0.05011359 0.1022599 0.1327482 0.1338045 0.1338045 0.1338045 0.1338045 0.1338045 0.1327452 0.1199293 0.09979062 0.09521473 0.09521472 0.09521472 0.09521472 0.09521472 0.09871711 0.1019736 0.1049562 0.1061103 0.1061103 0.1061103 0.1056148 0.1051418 0.1053549 0.1060582 0.1036081 0.07385068 0.04982777 0.04590772 0.04414414 0.04414414 0.04414414 0.04414414 0.04414414
0.4741115 0.4741116 0.4741116 0.4741115 0.4741115 0.4741115 0.4741116 0.4741115 0.4707061 0.1962259 0.01705739 0.01324902 0.01324903 0.01324903 0.04429664 0.1159652 0.102552 0.119284 0.3555528 0.493154 0.493154 0.5079432 0.5206113 0.4909371 0.4856173 0.4856172 0.322455 0.1507759 0.04273816 0.03253525 0.03253525 0.03253525 0.03253525 0.03817784 0.09610335 0.1108193 0.1271793 0.1338045 0.1338045 0.1338045 0.1338045 0.1338045 0.1338045 0.1338045 0.1338045 0.1338045 0.133799 0.1193217 0.09784568 0.09557464 0.100731 0.1002018 0.1033237 0.1061063 0.1061103 0.1061103 0.1061103 0.1061103 0.1061103 0.1061103 0.1061103 0.1061103 0.1064015 0.1100445 0.1118841 0.1119455 0.1096651 0.1022023 0.091134 0.0856081 0.0648219 0.0515881
0.4741115 0.4741115 0.4741115 0.4741116 0.4741116 0.4741115 0.4741115 0.4741116 0.4741115 0.4741115 0.4188645 0.3131388 0.1335174 0.291176 0.4526116 0.493154 0.493154 0.4931541 0.4931541 0.493154 0.493154 0.4931541 0.5266291 0.524006 0.4871054 0.4856172 0.4856172 0.4856172 0.4768089 0.3903121 0.3016943 0.2594235 0.3581804 0.4459977 0.1955266 0.1338045 0.1338045 0.1338045 0.1338045 0.1338045 0.1338045 0.1338045 0.1338045 0.1338045 0.1338045 0.1338045 0.1338045 0.1338045 0.1211482 0.1023494 0.1061103 0.1061103 0.1061103 0.1061103 0.1061103 0.1061103 0.1061103 0.1061103 0.1061103 0.1061103 0.1061103 0.1061103 0.1062326 0.1081845 0.1108146 0.1119455 0.1119455 0.1119455 0.1119455 0.1119455 0.1119455 0.1119455
0.2334674 0.4237173 0.4741115 0.4741115 0.4741116 0.4741115 0.4741116 0.4741115 0.4741116 0.4741115 0.4741115 0.4719833 0.4714832 0.4795706 0.4926693 0.4931541 0.493154 0.4931541 0.493154 0.493154 0.493154 0.493154 0.5179534 0.5327122 0.527629 0.5041314 0.5054955 0.4856173 0.4856172 0.4856173 0.4856173 0.4741915 0.4067012 0.2702402 0.1473615 0.1338045 0.1338045 0.1338045 0.1338045 0.1338045 0.1338045 0.1338045 0.1338045 0.1338045 0.1338045 0.1338045 0.1338045 0.1338045 0.133358 0.1186786 0.1061103 0.1061103 0.1061103 0.1061103 0.1061103 0.1061103 0.1061103 0.1061103 0.1061103 0.1061103 0.1061103 0.1061103 0.1061103 0.1061103 0.1075615 0.1107462 0.1119455 0.1119455 0.1119455 0.1119455 0.1119455 0.1119455
0.1297204 0.304203 0.4519238 0.4741115 0.4741115 0.4741116 0.4741115 0.4741115 0.4741116 0.4741115 0.4741115 0.4649342 0.4438303 0.4438304 0.4562585 0.4913975 0.493154 0.493154 0.493154 0.493154 0.493154 0.493154 0.4931917 0.5231015 0.5327122 0.5327122 0.5149655 0.4856391 0.4856173 0.4856173 0.4856172 0.2261015 0.1338045 0.1338045 0.1338045 0.1338045 0.1338045 0.1338045 0.1338045 0.1338045 0.1338045 0.1797636 0.1812815 0.2899168 0.4505585 0.5447676 0.5055801 0.5633659 0.5469455 0.1447524 0.1061103 0.1061103 0.1061103 0.1061103 0.1061103 0.1061103 0.1061103 0.1061103 0.1061103 0.1061103 0.1061103 0.1061103 0.1061103 0.1061103 0.1061768 0.1104997 0.1119455 0.1119455 0.1119455 0.1119455 0.1119455 0.1119455
0.02635145 0.02635146 0.1059999 0.4728211 0.4741116 0.4741115 0.4741115 0.4741115 0.4741115 0.4741116 0.473898 0.464401 0.4548343 0.4438304 0.4438304 0.4557815 0.4764678 0.4767179 0.4835526 0.4909863 0.493154 0.493154 0.5023272 0.5319047 0.5327122 0.5327122 0.5326508 0.518392 0.4856202 0.4856172 0.4856172 0.4630355 0.352383 0.2917661 0.2454348 0.1900355 0.1658083 0.1745593 0.1985549 0.233737 0.662576 1.788453 2.124327 2.059509 1.314937 1.294366 1.294366 1.294366 1.294366 0.9602709 0.7160637 0.7080454 0.1431783 0.1061103 0.1061103 0.1061103 0.1061103 0.1061103 0.1061103 0.1061103 0.1061103 0.1061103 0.1061103 0.108883 0.111679 0.1119423 0.1119455 0.1119455 0.1119455 0.1119455 0.1119455 0.1119455
0.02635145 0.02635146 0.08523295 0.4440314 0.4741115 0.4741115 0.4741115 0.4741116 0.4741116 0.4741116 0.4741115 0.4723089 0.4493313 0.4438304 0.4438304 0.4438304 0.4438304 0.4438304 0.4438304 0.4446982 0.4537494 0.4605655 0.4682279 0.5115167 0.5327122 0.5327122 0.5327122 0.529884 0.4820228 0.4325534 0.3908429 0.378297 0.4080755 0.3905073 0.3545107 0.2706135 0.2591797 0.2591797 0.2591797 0.2738539 1.277555 2.094608 2.124873 2.116973 1.533424 1.294366 1.294366 1.294366 1.305731 0.9860399 0.9396401 0.9051605 0.2806006 0.1515364 0.1061103 0.1061103 0.1061103 0.1061103 0.1061103 0.1061103 0.1061103 0.1055062 0.1061099 0.1053589 0.1063221 0.111135 0.1119455 0.1119455 0.1119455 0.1119455 0.1119455 0.1119455
0.02635145 0.02635146 0.03778039 0.142568 0.4740541 0.4741115 0.4741115 0.4741116 0.4741116 0.4741115 0.4741116 0.4741116 0.4723707 0.4533362 0.4438303 0.4438304 0.4438304 0.4438303 0.4438304 0.4438304 0.4438304 0.4438304 0.4438304 0.4435742 0.4679987 0.5324634 0.5327122 0.5327122 0.4435905 0.285093 0.2591797 0.2591797 0.2591797 0.2591797 0.2591797 0.2591797 0.2591797 0.2591797 0.2591797 0.2772898 0.8229925 53.46336 51.00677 56.29991 2.853447 2.390807 1.987184 1.557594 1.638751 1.319243 0.9396402 0.9396401 0.9396401 0.9390742 0.6094421 0.1190815 0.1061103 0.1061103 0.1061103 0.1007666 0.09718945 0.09227294 0.09339846 0.09241904 0.07849078 0.05465395 0.06347758 0.09994716 0.1088064 0.1119455 0.1054279 0.1106672
0.02635145 0.02635146 0.02635146 0.3001477 0.4741116 0.4741115 0.4741116 0.4741115 0.4741116 0.4741116 0.4755332 0.4900602 0.4892279 0.5001959 0.4736785 0.4843593 0.4788922 0.4537246 0.4438304 0.4438304 0.4438304 0.4405798 0.358115 0.1942949 0.2664259 0.3017784 0.31811 0.3985714 0.4059145 0.3113205 0.2092675 0.2338404 0.2591797 0.2591797 0.2591797 0.2798026 0.2860034 0.2793073 0.6033042 1.135224 1.318787 9.789427 29.23619 21.35505 2.766445 2.766445 2.627304 1.652152 1.645107 1.578143 1.529112 1.465078 1.25052 0.9396402 0.7722356 0.1160043 0.09919316 0.1005059 0.09984894 0.09339529 0.09199344 0.09199343 0.09199344 0.07773262 0.05061248 0.05011028 0.05011028 0.05011028 0.05386741 0.05830951 0.05067211 0.05831359
0.02635146 0.02635145 0.02635146 0.0866424 0.2818272 0.4681658 0.4748523 0.4741115 0.4741684 0.4895872 0.5135559 0.5245791 0.5245791 0.5245791 0.5245791 0.5245791 0.5245791 0.5226685 0.480345 0.4437174 0.3486118 0.2102091 0.1697152 0.1697152 0.1697152 0.1697152 0.1697152 0.1697152 0.1697152 0.1697152 0.1697152 0.1739859 0.206934 0.767546 0.9631399 1.334438 1.419965 1.429064 1.430082 1.367297 1.429078 1.431537 1.431537 1.644238 2.320363 2.077414 0.8395297 0.5972835 0.7381284 0.6530545 0.8025026 0.6654274 0.5857148 0.2497249 0.1424956 0.09199344 0.09199343 0.09199343 0.09199344 0.09199344 0.0889072 0.06887516 0.05544799 0.05042626 0.05011028 0.05011028 0.05011028 0.05011028 0.05011028 0.05011028 0.05011028 0.05011028
0.02635146 0.02635145 0.02635145 0.02781311 0.2993453 0.5243495 0.521629 0.5187804 0.5221528 0.5245791 0.5245791 0.5245791 0.5245792 0.5245792 0.5226996 0.510604 0.5245791 0.5245791 0.4577411 0.2161073 0.1697152 0.1697152 0.1697152 0.1697152 0.1697152 0.1697152 0.1697152 0.1697152 0.1697152 0.1697152 0.1697152 0.1697152 0.1697152 0.4408792 1.06731 0.8426111 0.4198968 0.2270277 0.2137561 0.2097973 0.3035308 0.6185611 0.80438 1.022674 1.394727 1.260178 0.5972508 0.5972508 0.5735658 0.4852109 0.1607623 0.09199344 0.09199344 0.09199344 0.09199344 0.09199344 0.09199344 0.09199344 0.09199344 0.09199344 0.07685883 0.05011028 0.05011028 0.05011028 0.05011028 0.05011028 0.05011028 0.05011028 0.05011028 0.05011028 0.05011028 0.05011028
0.02635146 0.02635145 0.02635146 0.2324915 0.5245791 0.5245791 0.5245792 0.5245791 0.5245792 0.5245791 0.5245792 0.5245791 0.5242931 0.4297144 0.2799436 0.2489224 0.2934311 0.327784 0.1980522 0.1697152 0.1697152 0.1697152 0.1697152 0.1697152 0.1697152 0.1697152 0.1697152 0.1697152 0.1697152 0.1697152 0.1697152 0.1697152 0.1697152 0.1697152 0.1811947 0.2102283 0.2286005 0.2489817 0.2710182 0.2756468 0.2756469 0.3244568 0.5964322 0.5972508 0.5972508 0.5972508 0.5748256 0.5972509 0.2508497 0.09199343 0.09199344 0.09199344 0.09199344 0.09199343 0.09199343 0.09199344 0.09199344 0.09199343 0.09199344 0.09199343 0.0716378 0.05011028 0.05011028 0.05011028 0.05011028 0.05011028 0.05011028 0.05011028 0.05011028 0.05011028 0.05011028 0.05011028
0.02635146 0.02635146 0.05953288 0.4709991 0.5245791 0.5245791 0.5245791 0.5245792 0.5213045 0.5245791 0.5245791 0.4357823 0.3322921 0.2459411 0.2446011 0.2446011 0.2446011 0.2446011 0.1964601 0.1734241 0.1843595 0.1697152 0.1697152 0.1697152 0.1697152 0.1697152 0.1697152 0.1697152 0.1697152 0.1697152 0.1700907 0.1871867 0.2261494 0.2612756 0.2739747 0.2756469 0.2756469 0.2756469 0.2756469 0.2756469 0.2756469 0.2756469 0.3680643 0.4238671 0.4455 0.3812009 0.2795599 0.2029366 0.09222019 0.09199344 0.09199343 0.09199344 0.09199343 0.09199344 0.09199344 0.09105825 0.09199344 0.09199344 0.0903241 0.07114631 0.06192439 0.05011028 0.05011028 0.05011028 0.05011028 0.05011029 0.05011028 0.05011028 0.05011028 0.05011028 0.05011028 0.05011028
0.02635146 0.02635145 0.1142139 0.5008983 0.5099515 0.3397795 0.3225319 0.3084262 0.2197748 0.43011 0.3604143 0.1448111 0.2438888 0.2446011 0.2446011 0.2446011 0.2446011 0.2446011 0.244588 0.2424357 0.2445799 0.2037165 0.1697152 0.1697152 0.1697152 0.1697152 0.1697152 0.1697152 0.1697152 0.1952651 0.2543935 0.2756469 0.2756468 0.2756469 0.2756469 0.2756469 0.2756469 0.2756469 0.2756469 0.2756469 0.2756469 0.2756469 0.2756469 0.2756469 0.2756469 0.2756469 0.2756469 0.1998484 0.1096411 0.08446211 0.05410338 0.05203875 0.05863236 0.06433401 0.05515818 0.01569753 0.02633997 0.03208505 0.03349281 0.03770842 0.04295017 0.05011028 0.05011028 0.05011028 0.05011028 0.05011028 0.05011028 0.05011028 0.05011028 0.05011028 0.05011028 0.05011028
0.03397101 0.2617055 0.4137245 0.450781 0.407878 0.3420959 0.4418128 0.2342523 0.1328026 0.1358722 0.1241646 0.1617417 0.2446012 0.2446011 0.2446011 0.2446011 0.2446011 0.2446011 0.2446011 0.2446011 0.2446011 0.2223719 0.1706207 0.1697152 0.1697152 0.1697152 0.1697152 0.1697152 0.1697152 0.1990399 0.2741494 0.2756469 0.2901933 0.3100161 0.2756468 0.2756468 0.2756469 0.2756469 0.2756469 0.2756469 0.2756469 0.2756469 0.2756469 0.2756469 0.2756469 0.2756469 0.2756469 0.2756468 0.2301987 0.03186668 0.01333335 0.01333335 0.01333335 0.01333335 0.01333335 0.01333335 0.01333335 0.01333335 0.01333335 0.01333335 0.03459005 0.05011028 0.05011028 0.05011028 0.05011028 0.05011028 0.05011028 0.05011028 0.05011028 -9999 -9999 -9999
0.3053019 0.4323004 0.4506541 0.4506541 0.4506541 0.3334413 0.1692014 0.1267327 0.1241646 0.1241646 0.1310207 0.1905913 0.2446011 0.2446011 0.2446011 0.2446011 0.2446011 0.2446011 0.2389363 0.1778662 0.1831276 0.2066003 0.1760264 0.1697152 0.1697152 0.1697152 0.1697152 0.1697152 0.1697152 0.2027021 0.514241 0.5724242 0.7175013 0.3218269 0.2756469 0.2756468 0.2756469 0.2756469 0.2756469 0.2756469 0.2756469 0.2756469 0.2756469 0.2756469 0.2756468 0.2756469 0.2739879 0.202647 0.07625988 0.01333335 0.01333335 0.01333335 0.01333335 0.01333335 0.01333335 0.01333335 0.01333335 0.01333335 0.01333335 0.01333335 0.01361899 0.02160991 0.03236975 0.04725627 0.04943959 0.04971475 0.05011028 -9999 -9999 -9999 -9999 -9999
