DATA/gpw_v4_population_density_rev11_2015_30_min_origin.asc
ncols         720
nrows         360
xllcorner     -180
yllcorner     -90
cellsize      0.5
NODATA_value  -9999
[rows 64 to 95 of 360, columns 144 to 215 of 720]
0 0 0 0 0 0 0 0 0 0 0 0 0.6604258 0.00371651 0 0 0 0 0 0 0 0 0 0 0 0 0 0 0 0 0 0 -9999 -9999 -9999 -9999 -9999 -9999 -9999 -9999 -9999 -9999 -9999 -9999 -9999 -9999 -9999 -9999 -9999 -9999 -9999 -9999 -9999 -9999 -9999 -9999 0 0 0 -9999 -9999 0 0 0 0 0 0 0 0 0 0 0
0 0 0 0 0 0 0 0 0.0007869658 0.001416972 0.001747462 0.08620874 0 0 0 0 0 0 0 0 0 0 0 0 0 0 0 0 0 0 0 0 0 0 0 0 0 -9999 -9999 -9999 -9999 -9999 -9999 -9999 -9999 -9999 -9999 -9999 -9999 -9999 -9999 -9999 -9999 -9999 -9999 -9999 0 0 0 0 -9999 -9999 0 0 0 0 0 0 0 0 0 0
0 0 0 0 0 0 0 0 0.0007348371 0.004003322 0.004003322 0.004003206 0 0.2863533 0.03628654 0 0 0 0.5796639 0 0 0 0 0 0 0 0 0.1181569 0 0 0 0 0 0 0 0 0 0 0 0 -9999 -9999 -9999 -9999 -9999 -9999 -9999 -9999 -9999 -9999 -9999 -9999 -9999 -9999 -9999 -9999 0 7.03049 0 0 -9999 -9999 1.159399 0.141781 0 0 0 0 0 0 0 0
0 0 0 0 0 0 0 4.621469e-08 0.03696951 0.6687467 0.004002599 0.004003007 0 0 0.01158006 0.2621239 0.06618766 0.002355871 0 0 0 0 0 1.959174 0.09110004 0 0.9251244 0 0 0 0 0 0 0 0 0 0 0 0 0 0.1946696 0 -9999 -9999 -9999 -9999 -9999 -9999 -9999 -9999 -9999 -9999 -9999 -9999 -9999 0 0 0.005188294 0 0 0 0 0 0 0 0 0 0 0 0 0 0
0.5082744 0 0.6876868 8.726797e-08 0.002458466 0.002577013 0.2747845 0.005421507 5.640064e-07 0.0001824055 0 0.509167 0 1.206732 0 0 0 0 1.634728 0.001562825 8.313344 0.05320298 0 0 0 0 0 0 0 0 0 0.5983528 0 6.486678e-06 0 0 0 0 0 0 0.08537401 0 0 0 0 -9999 -9999 -9999 -9999 -9999 -9999 -9999 -9999 -9999 -9999 0 0 0 0 -9999 0 0 0 0 0 0 0 0 0 0 0 0
1.425594 0.008064785 0.0005306006 0.0003944239 0.4452288 5.90892 1.950187 0.1759508 0.002143806 0.002702177 1.927911 0.3402128 0.01440084 0.06871649 0.0006222551 1.309815e-06 2.919423e-06 0 0 0.01633476 0.3043827 0.01721016 0 0 0 0 0 0 0 0 0 0 4.945976e-05 0.0002111952 0 0 0 0 0 0 0 0 0 0 0 0 0 0 0 0 0 0 -9999 -9999 -9999 -9999 0 -9999 0 0 0.9281469 0.3544621 0 0 0 0 0 0 0 0 0 0
0.01399185 0.05048027 0.00102449 0.001168967 0.01366694 0.001008388 0.001651841 0.002160594 0.009121839 0.930069 0 0.5168889 5.379051 0.4595878 0.008132878 0.4566161 0.02673217 0 0.3649449 0 3.699789 0 0 0 0 1.591933 0.1222744 1.843691 0 0 1.678231e-06 0.0001129115 0.0002491518 0.0002555043 0 0 0 0 0 0 0 0 0 0 0 0.123308 0 0 0 0 0 0 -9999 -9999 -9999 -9999 0 0 0 0 0 0 0 0 0 0 0 0 0 0 0 0
0.3225088 0.02276913 0.001366556 0.0002916101 0.9981557 0.04566431 0.05530802 0.007300852 0.001452406 0 0 0.004051239 0.08603851 0.1527794 0.2653223 0 0 0 0 0.0007692965 1.426752 0 0 0 0 0 0.01166869 0 0.5676156 2.991145e-05 0.0001898868 0.0002555065 0.0002555087 0.0002554997 0 0 0 0 0 0 0 0 0 0 0 0 0 0 0 0 0 0 0 0 0 -9999 0 0 0 0 0 0 0 0 0 0 0 0 0 0 0 0
1.058456 1.718455 0.6307451 0.2327237 1.45688 0.5905266 0.0835234 0.1857671 0.2122477 0.01314063 0.2027173 1.105016 0.1967143 5.976524 0.02509885 1.438707 0 0 0 0.05889534 2.32179 0 0 0 0 0.110444 5.64011 0.03502062 9.58819e-05 0.000237834 0.0002543782 0.0002477212 0.0002555073 0.0002497433 0 0.2002171 0.6067024 0 0 0 0 0 0 0 0 0 0 0 0 0 0 0 -9999 -9999 -9999 -9999 0 1.057033 2.588153 0 0.1719295 0 0 0 0 0 0 0 0 0 0 0
1.159379 0.7306194 2.346603 2.612095 24.63793 1.422752 1.13919 3.620651 2.149457 0.2390548 0.821579 0.0006537467 0.001249887 0 0 0 1.007837 0.9164913 0 0 0 0.2462364 0 0 0 0 4.801979e-05 0.0001971957 0.000255507 1.037393 0.06595897 0.0002555088 0.138603 0.0002552127 0 0 0 0 0 0 0 0 0 0 0 0 0 0 0 0 0 0 0 0 0 0 0 0 0.7627645 9.722412e-07 0 0 0 0 0 0 0 0 0 0 0 0
0.5868632 0.621882 2.397393 3.669419 2.057997 1.838334 4.444457 3.121967 0.7604345 0.9274473 0.2720244 1.297439 0.01766657 0.2415493 0.8881033 0 0.01356874 0 0 0 0 0.4200155 0 0 0 6.266141e-05 0.0002518017 0.3997808 0.0002555058 0.005779333 0.1145253 0.0002555075 0.0002555065 0.0002407869 0 0 0 0 0 0 0 0 0 0 0 0 0 0 0 0 0 0 0 0 0 -9999 0 0 0.1681547 0.0001255301 0.0001053975 2.369428e-05 0 0 0 0 0 0 0 0 0 0
1.888862 1.952114 144.6508 3.1671 1.469129 4.457023 2.074623 1.271792 1.785084 0.456912 0.3468486 0.2243792 0.1896331 3.76489 0.2682972 0.8797055 0.004411716 1.8014e-05 0 0 0 0.5729247 0.5054966 0.004587979 0.00145283 0.5862862 0.0002555062 0.0002544928 0.0002555082 0.09125882 0.03744088 0.0002555085 0.0002555089 0.0002555051 7.372551e-10 0 0 0 0 0 0 0 0 0 0 0 0 0 0 0 0 0.0006921481 1.099552 0 0 0 0 0 0.3473537 0.3867972 0.0001236159 7.902097e-05 0 0 0 0 0 0 0 0 0 0
1.828731 1.431556 2.227434 2.311865 0.9448949 2.910928 0.4828278 2.004907 2.224913 0.7405127 1.619816 2.328016 2.533723 0.3755432 0.1689612 0.7477311 1.617771 0.3345228 1.15647 0.5298393 0 0.2999506 0.7049752 0.00724164 0.002614785 0.1741294 0.0001063793 0.0001012764 0.000102557 0.0001022272 0.0009896943 0.001134178 0.2727736 0.001122082 8.21435e-05 0.05570256 0 2.984735e-05 6.993432e-07 0 0 0 0 0 0.09236889 0 0 0 0 0.0004741315 0.003655019 0.00429007 0.003089019 0 0 0 1.471276e-05 8.763315e-05 0.0001220703 0.0001269226 0.0001269227 2.91131e-05 0 0.4065106 0.0004041019 7.409839e-06 0 0 0 0 0 0
0.3951811 1.858528 0.9133849 0.4023864 1.143514 0.7154174 1.407781 1.633251 0.8516446 0.7803119 1.895277 9.6702 0.6255243 1.782524 1.096054 5.817609 2.059927 1.033389 0.9715918 0.8007388 1.846653 1.511399 0.5145398 0.6333794 0.07777948 0.0044855 0 0 2.310241 0.0002714742 0.00147472 0.00169824 0.1074506 0.00169824 0.0001388815 0.5135469 0.001458331 0.002967207 2.596636e-06 0 0 0 0 0 0 0 0 0 0 0.0007373815 0.004297332 0.004297248 0.003098033 0.001542019 2.070701 0.001677223 7.50543e-06 0.0001269222 1.411334 0.000126809 0.0002800179 0.00295132 0.004291438 0.00474534 0.00532541 0.001736731 0 0 0 0 0 0.0002358212
0.4394088 0.7661432 0.5157452 0.4151705 0.5047287 1.330122 8.403615 2.576192 5.020051 1.382794 3.861458 2.538448 1.998653 2.020371 1.401989 0.7891153 0.9684404 1.175765 3.201307 1.589843 0.5980623 3.051634 26.06161 3.21291 0.005381502 0.002221528 5.76415e-05 0.0007962155 0.1204822 0.55743 0.001786759 0.00169824 0.001285594 0.0002224933 2.80335e-06 0.001245912 0.003487677 0.003487629 0 0 0 0 0 0 0 0 0 0 0 0.0007638342 0.004297332 0.003426017 0.0007416548 0.00236995 5.696389e-06 0 4.469186e-06 0.0001269221 0.0001269226 0.0001269209 0.001206453 0.005310734 0.005325409 0.005325409 0.005325409 0.003950023 0.001525831 0 0 0.0004817296 0.0009458645 0.002014004
9.728074 1.036614 0.5156307 0.3524232 20.66659 0.898577 101.1696 5.661179 1.196519 1.612008 2.218899 1.365744 2.768402 1.437796 1.54876 2.100191 3.044628 3.431136 1.52669 2.097074 2.923864 11.89134 24.1398 2.819199 2.046256 0.157327 0.4408738 0.2723606 0.1275109 0.06396608 0.04271356 1.034084 2.410348 0 0.09121117 0.001250923 0.00407749 0.2640401 0.02202612 0.0002393582 0 0 0.4448276 0 0 0 0 0 0 0.0007548589 0.004297332 0.003494598 0 0 0 0 4.562001e-06 0.00012691 0.0001269224 0.0001269178 0.000126921 0.001229493 0.005325409 0.00532541 0.005325409 0.005325409 0.005325189 0.003603655 2.093632 0.001596251 0.001647276 0.002290133
0.3768358 0.7955242 1.08792 0.5342706 1.583603 0.2623146 0.9662531 0.7464995 6.427268 1.087481 0.4544031 2.725313 1.31197 1.391108 3.478798 3.429441 28.15073 2.43882 3.258105 12.1122 3.934232 354.0532 36.93639 1.84112 0.774363 0.6855054 3.142707 8.254288 0.1384019 1.007008 5.973715 0.1232227 0.005079229 0.00105856 0.001318052 0.0005667341 0.003971856 0.1163519 0.007270098 0.01227809 0.1578574 0.06252714 2.285633 0.1167748 0.00135508 0.001483652 0.002073822 0.336983 3.066173 0.357894 0.1186181 0.00758526 0.01280501 0 0 0 0 0 2.79978e-05 8.524847e-05 0.8817762 0.003752691 0.00532541 0.0043653 1.019986 0.003798815 1.45939 4.964679 0.0001851795 0.001475186 0.001618793 0.001855738
0.199088 0.2085855 0.2389054 0.2649266 1.012771 0.4585375 0.326043 0.8581284 0.4634563 2.625643 6.122453 1.509337 1.355023 0.7391117 1.468847 1.919512 2.102289 1.503378 2.691101 7.306342 15.69848 4.578252 7.333996 1.059858 0.4427916 0.3042226 0.1852647 0.7581909 0.8945825 0.0001183356 0.0146211 0.008927438 0.63585 0.00221272 0.0264325 0.06338242 0.003554036 0.004366016 0.007187224 1.134087 0.007109851 0.004350345 0.002697104 0.001071561 1.044464 0.003541883 0.5354081 0.007338344 0.007643953 0.001621613 0.3599897 4.915315 0.7396641 2.569224 0.4262482 0 0.002266329 0.5102798 3.370778e-06 1.684327e-05 0 0.2456036 0.9386903 0.003187415 0.003035447 0.003035997 0.003036049 0.001127621 0 0.0009134217 0.4154336 0.2708226
0.1078112 0.1052775 0.0291557 0.1666035 0.1221925 0.7057652 1.049128 0.3796661 0.369965 0.9277017 0.6849833 1.12699 0.9366068 1.008533 0.5960848 3.235783 5.971614 0.3995833 0.4442 1.409898 2.530805 1.362491 1.857212 1.405774 3.377045 3.447478 2.68417 0.7080215 2.190396 12.97404 0.2036652 0.1568055 1.52386 0.1035672 0.0363437 0.1169517 0.5149621 2.194966 1.020258 1.32936 0.2556739 2.99451 0.01793565 2.268888 0.1508564 0.3060703 0.002286712 0.001915176 0.001876366 0.001953934 0.001400272 0.003842396 0.1181847 1.248253 3.09074 0.5543841 0.2732623 9.37988 1.561496 8.584444 0.7884792 0.1398105 0.0004523111 0.0004365383 0.0008014114 0.007273588 1.368731 0.004180305 0.0001370087 0.002402183 3.089422 29.99522
1.339569 0.2988672 2.259862 0.6930335 2.36322 1.709953 0.8776667 0.4468766 9.985237 0.9112985 1.314608 1.539108 1.102268 28.91376 1.266286 1.00952 1.681611 1.410791 5.699388 1.146182 2.009671 4.400834 2.356397 7.790342 0.9882319 0.09061872 0.7707262 0.04846884 0.7447999 0.5337343 0.5272685 0.1678855 0.0299311 0.01892081 0.07460109 0.09077547 2.756929 121.0894 0.1374392 0.04996628 0 0 0 0.002047328 0.00204733 0.002270948 0.5038292 0.02328073 0.008070394 0.01110503 0.00565986 0.1157436 0.1199412 19.97359 0.108376 4.698756 0.8881433 17.27512 4.422073 4.74397 17.54424 3.14976 0.009308089 0.0003705147 0.003226248 0.006825096 0.007860424 0.03790567 8.589142e-05 0.001618328 0.008728878 2.63134
0.03182558 0.02626053 0.08714389 0.06090855 0.123664 0.2293461 0.2600337 4.414771 0.4468201 1.514428 1.14747 2.586653 0.7661817 1.928859 0.7059635 0.6548506 1.720948 1.801582 1.538046 0.79759 2.347571 34.85609 6.385621 3.786946 3.632379 6.194882 10.38823 1.248235 1.655604 1.111014 8.14397 5.500469 3.772755 0.08369716 0.6953521 3.409579 2.264563 0 0 0 0 0 0 0 0.002047326 0.00332088 1.605451 0.002576125 0.01456592 1.247376 0.02763094 0.005238059 0.2337165 0.01805072 0.165317 0.6044934 6.397257 1.957628 0.357473 0.15049 0.1173092 0.0158669 0.0001065842 0.0001189688 8.074099e-05 0.01323583 0.01642078 0.053482 0.5845868 0.005241131 0.4385122 0.06331839
0.0643829 0.09326649 0.2806544 0.05826611 0.4563959 0.1331879 3.850212 0.3566103 0.08922876 0.3096175 0.9774458 0.5312417 3.523164 2.150739 1.116599 0.5376514 0.469687 1.413381 0.7606097 1.337331 0.8291823 2.773865 2.935144 2.204668 4.151805 2.415528 19.6185 1.833623 13.36068 8.74692 15.18383 4.069723 3.668711 3.84865 0.2847599 0 0 0 35.5564 12.21764 1.005845 0 0 0 0.002047239 0 0.0256649 6.43451e-05 0.001073028 3.043846e-05 0 0.004605318 0.03556669 0.003444741 0.01239705 0.007947835 4.258676 4.611798 0.2336776 0 0.1801918 0 0 0 0.0008494279 0.003834561 0.0001743659 1.128873 0 0.007847709 5.380805 0.2295235
0.1583019 0.01665236 0.04717287 0.05582781 0.2155474 0.5091727 0.1401537 0.8477814 0.3926778 0.7775729 11.03273 1.102753 0.7973962 1.505209 54.07523 0.5556284 1.260558 0.8649912 8.721395 3.119744 2.820934 3.631826 97.57088 8.974856 18.69084 9.794829 4.261512 13.00717 4.729994 2.402722 5.637472 87.23109 10.61708 3.003086 15.09463 2.522801 0.8960427 2.693108 2.1909 4.219906 7.244826 207.6201 0.2011649 0.09367535 0.7498178 0.5372924 4.86308 41.43322 0.09434211 0.04301771 0.02207649 0.001364426 0.1384579 16.46033 31.55896 0.6355032 0.3510362 1.626456 0.301653 0 0 0 0 0.2901753 4.753561 7.417516 0.6196208 0.07550953 1.562851 0.2763626 30.55129 11.42902
0.2355303 0.3083216 1.174348 0.2198007 5.059734 0.05545224 0.1595445 1.162222 0.3033395 1.341448 0.8836475 0.5614009 0.7852129 0.4348277 2.022201 1.179791 0.852473 0.6747251 1.397924 2.15482 2.52477 1.633921 7.46812 9.755529 8.767061 9.463732 8.438848 25.80379 13.07184 3.156682 10.23886 1.457873 3.928666 4.365438 2.412785 7.403489 3.82502 2.510975 3.520789 2.560518 7.3607 8.760464 4.261332 0.8453641 4.273018 1.191373 3.021479 20.02123 4.485248 1.611542 12.87908 2.527108 4.573921 20.11574 17.74654 3.5779 8.966486 35.18171 1.841242 0.08335238 1.400882 2.393638 0.05274392 2.739853 7.383714 1.920768 12.14563 16.38945 20.29902 63.83876 105.9408 20.15547
2.517145 1.070061 2.832505 0.6156823 0.1269916 0.09133826 0.2345545 0.1459694 0.311028 0.1558252 0.3627118 0.9744836 0.1938074 0.3773903 1.21396 3.046863 0.747454 0.3587637 1.795107 1.377587 1.645797 3.363482 2.415907 2.285606 8.688533 19.66549 17.03265 77.39333 19.18253 24.67583 16.24401 10.49854 12.21394 4.785222 1.918408 4.881574 12.44323 15.0843 2.98267 11.70789 6.334282 20.08954 3.901646 14.38282 2.662857 7.919805 12.54251 18.69298 4.053452 0.1316289 1.225168 4.248902 6.840448 0.5628012 0.9853657 0.6382763 2.131854 5.301934 0.02344874 0.07047915 1.052611 25.18827 8.757292 6.789854 37.67515 34.96497 19.55948 85.14346 1057.547 285.6253 60.69571 39.92202
0.3748841 1.008673 0.1146507 0.1392282 0.06986367 0.4424557 0.06655983 0.06589174 0.05446856 0.07618539 0.1272936 0.3735821 0.5008405 1.524975 0.3718649 0.3271638 1.340806 1.50315 2.932064 12.9892 1.816233 2.087931 3.992953 4.382516 3.836637 15.65341 17.61429 29.7932 124.4658 450.3888 98.54948 16.01583 17.19092 11.50797 3.921885 10.2284 15.32515 9.883509 3.488559 6.117299 21.92831 9.972489 9.398143 0 20.44341 29.27075 25.15978 4.318818 8.743311 62.87855 0 0 4.182626 2.351324 1.269249 15.39559 5.358022 20.1934 4.101432 2.40249 6.633162 1.777343 8.171302 32.57159 523.1483 57.08022 40.27584 91.81097 488.2124 194.2429 70.35577 38.07261
0.2486997 1.971427 11.80527 0.199218 0.2718329 0.163735 0.5906124 0.4257628 6.655083 0.8591165 0.2117091 0.1709722 0.3809937 0.8889066 0.09952427 0.6827366 0.4187567 0.7112318 2.539374 0.9486881 1.597093 15.03598 2.793217 3.837813 8.62198 7.562763 6.538051 22.69336 115.6421 702.6577 135.5867 17.28386 37.65144 51.36786 11.59866 25.72942 66.15095 11.81748 18.93908 65.22239 46.42603 35.43108 0 21.24673 60.22992 21.95322 12.59573 6.839018 3.635967 12.92214 0 0 0 14.37762 44.48456 74.83866 40.03366 35.99189 10.55572 5.105847 2.894022 3.732666 4.362043 21.61613 32.15086 27.02755 26.07148 13.09122 18.43291 84.43871 19.73099 16.94224
3.287855 0.2671642 3.68222 0.06517557 11.25625 11.33327 2.154233 1.133928 12.23041 51.53797 0.871934 0.2567844 0.5922742 0.2290419 0.1166867 8.794497 0.9351581 0.9716891 1.000322 7.895801 1.819056 5.326268 16.36608 4.196554 11.05454 4.017595 6.317106 28.75482 42.17665 48.9622 34.76816 47.83142 24.13004 13.5007 10.40556 4.876704 33.73813 20.77647 72.26579 176.5163 63.33065 36.32768 0.7099558 18.75809 7.924278 21.20444 16.41037 14.53222 11.87539 40.89623 12.06785 0 27.69513 20.70527 11.97923 27.79125 141.0407 136.9169 38.04771 66.75626 40.89478 44.74224 85.64148 47.70013 25.00243 8.743593 0.7161421 9.560652 7.692355 73.02177 27.48849 21.34073
0.2951665 0.05714579 0.2912344 0.1069396 0.2490535 1.195217 0.1100256 2.490492 3.674483 3.087271 0.2873775 0.5474101 1.045518 0.2302529 0.8886543 0.4635017 0.4813065 2.2516 1.072414 9.443627 2.676987 4.158014 81.58667 8.776255 11.26608 6.228357 8.404772 11.32997 6.122184 18.22692 18.49081 23.5211 8.967087 64.95288 23.09627 18.69732 20.11184 20.42892 33.40636 56.87332 95.55932 0 16.8005 23.93456 13.37195 24.8216 42.8119 53.67724 108.6534 16.73009 10.89149 0 24.28246 12.45441 36.32064 110.8024 1033.664 2449.611 662.981 146.3131 29.96348 20.76015 4.042466 27.07311 24.41311 8.84619 0.9933702 1.603053 6.953117 22.2592 20.40815 32.81118
0.05008486 0.03198248 0.06580777 0.4073744 0.0704438 0.07591572 0.0721584 0.06014074 0.8309287 2.382179 3.299527 3.095611 1.307337 0.841599 3.59588 0.4832612 2.110658 1.580929 2.505243 3.234485 3.037232 4.273549 29.26621 15.58192 8.506561 15.28085 7.795835 6.509605 9.02286 22.19254 11.06572 7.811918 11.32843 12.24147 7.775434 12.74241 58.40242 183.8372 55.84917 263.6887 980.1541 0 0 147.7435 88.73186 41.16383 30.34849 43.54457 167.2343 43.05648 25.91296 153.5841 15.6291 73.72952 132.6533 215.6636 586.5858 375.4243 182.4884 43.97123 444.3628 163.7582 43.59026 221.0799 45.50554 98.47266 13.81167 26.3461 89.00758 20.54787 12.32682 33.08997
0.01958735 0.0102532 0.6787008 34.30297 2.05411 4.367575 0.1897006 0.8968305 0.2278567 2.548942 2.026175 1.482831 0.1443161 0.1822925 1.620462 0.273681 1.758747 0.742345 1.50831 1.451441 4.4705 12.05834 11.43709 33.47227 7.859554 10.02685 5.052745 13.85355 6.745705 9.814463 9.562527 38.3414 10.66744 7.993202 35.71412 19.24897 23.09454 78.11189 67.261 154.586 617.4626 0 0 147.3316 258.7698 52.64174 133.9215 92.50243 191.421 479.8913 271.5005 67.95657 20.03116 214.4214 36.23517 46.42046 30.77515 109.944 379.7721 32.01842 42.24961 47.99472 59.41261 51.31437 28.24317 19.17277 19.79371 38.90605 310.7034 37.4522 33.4334 54.96397
0.08110614 0.02448687 0.05213723 0.02031035 0.02336458 0.3873843 3.105952 4.933191 0.2368355 0.7065417 4.279922 0.1579661 0.2088492 0.3097523 0.1627746 0.1266602 0.1476 0.19563 2.421277 2.17085 4.883387 18.17376 4.644122 34.13588 4.868361 9.863369 10.56174 11.72696 44.1968 10.29419 20.87682 40.0992 56.76973 18.34162 22.39561 12.72795 24.03938 130.5549 73.69968 517.7309 1177.098 0 414.899 71.24781 133.9872 67.70543 34.13301 83.93112 217.9031 940.3845 344.355 52.03657 23.65297 0 0 558.3841 38.65194 53.88504 17.70359 27.32163 20.27198 29.62756 60.73458 73.36375 68.9137 24.86185 11.76758 18.71081 54.60035 44.56436 243.0424 91.22133
