DATA/gpw_v4_population_density_rev11_2015_30_min_origin.asc
ncols         720
nrows         360
xllcorner     -180
yllcorner     -90
cellsize      0.5
NODATA_value  -9999
[rows 64 to 95 of 360, columns 432 to 503 of 720]
8.593864 10.43464 9.051306 8.994142 11.57282 127.4532 18.27649 377.5871 18.34232 166.9607 42.91437 10.99685 6.878396 6.294342 3.612585 3.354593 3.286963 4.321523 5.84284 8.315664 13.04057 12.77926 8.093036 5.206666 5.106588 7.759003 7.649235 7.535374 5.315194 3.424692 3.934388 4.975133 7.253633 10.08526 14.53076 11.10994 10.73158 11.50581 28.6753 243.8671 210.6818 95.94321 11.35772 13.5481 14.79687 47.4605 67.11936 59.76014 23.85528 15.2572 25.3235 15.02205 9.699211 12.61315 21.6373 5.402848 5.004032 5.713377 4.801908 4.117231 3.384097 3.59005 3.770221 2.05584 1.403307 1.34093 1.32172 1.32172 1.352839 1.650969 1.674104 1.626523
5.530636 8.644635 24.83465 13.45947 14.38048 11.32494 16.3814 20.06486 18.49536 120.3631 78.69578 48.99561 66.28783 16.54768 8.800718 7.94093 9.315347 9.006276 10.10454 11.02313 9.017171 6.891674 5.865255 9.396379 11.13503 12.66415 12.39246 8.244823 7.38586 4.231494 5.78381 7.06751 10.69867 14.53647 14.30201 45.8759 30.12725 7.939266 13.01565 17.69514 14.96962 34.06755 23.58385 9.653768 5.422261 6.169527 25.48492 73.03517 64.16315 50.25582 47.4537 50.38603 24.77649 8.526589 8.944328 8.811127 7.210481 8.987768 162.0237 263.5866 13.39799 4.005631 3.514642 3.1859 2.109117 2.043989 2.196664 1.679586 1.739762 2.332451 1.79934 1.063474
36.89303 34.00147 96.04787 43.18966 58.00898 59.38323 24.72458 13.30469 15.69898 95.26827 123.0205 17.65592 12.73035 12.35814 40.26573 49.26462 18.35798 14.23744 7.700984 5.532467 6.128234 5.948721 11.66176 132.2314 57.22894 18.04107 18.94734 15.29287 14.29727 8.269437 6.696147 10.30072 14.44657 24.48245 390.462 32.83297 42.86672 22.71732 9.531959 13.08689 16.86342 8.643194 9.930055 29.43047 8.355419 10.10311 18.47025 53.26431 390.3735 513.2206 52.39111 35.20043 27.08216 27.68824 10.28381 10.30366 8.037014 5.682704 14.88187 16.52421 32.28886 11.2908 6.685142 4.794544 5.548171 4.786364 4.20494 3.861223 3.418802 3.332618 3.115576 1.513593
50.73071 84.21503 164.6704 202.6941 171.0713 46.37236 41.53919 32.3946 150.3829 95.72137 100.2121 27.64766 28.10848 40.41993 137.038 707.4541 206.7169 34.10189 18.46242 10.40407 14.73414 37.17792 340.4488 64.08231 18.71811 23.91784 22.14126 26.40486 29.77241 28.29374 42.93389 10.17245 44.29446 22.50597 16.43318 64.70613 97.40907 19.75283 17.26981 16.52655 16.58514 8.685786 8.358504 9.461551 11.555 11.10032 8.571259 20.22947 34.02622 48.14587 15.77788 101.5239 21.17315 8.209638 7.502478 48.57147 6.292854 6.418283 6.672918 7.038368 8.349792 12.07757 7.109018 6.036009 6.367884 6.253664 31.39266 19.43965 5.020279 4.513301 3.170244 3.196535
48.37212 183.3824 2005.683 6320.63 531.6456 189.3451 83.87103 45.30859 28.87674 46.93099 14.60198 38.4258 63.96457 24.93325 32.22468 26.2132 27.43872 22.73362 17.71462 17.38255 31.84381 33.16504 49.71661 51.82429 101.939 160.8745 617.8117 22.56504 18.05693 19.79696 19.82564 78.81777 334.2016 53.52974 17.60186 26.52681 22.58721 25.54798 18.80555 14.80848 12.19608 7.918957 8.118015 9.478973 12.97763 7.691797 5.959226 9.77414 30.58407 84.17184 14.34137 11.00908 10.85506 8.571947 8.158779 6.15693 8.822536 10.3271 17.4657 6.775617 5.804306 4.348839 4.088067 3.493117 4.182913 5.387034 7.230148 5.489013 3.510576 3.994015 3.886752 3.831782
67.2997 130.3481 135.8008 296.721 139.5371 190.1706 58.34145 32.65684 11.9566 8.944185 12.16659 18.29616 43.56897 32.64064 15.70043 76.68571 18.63983 14.41365 14.48208 14.18141 22.94643 17.7481 36.27737 34.34414 21.826 17.77493 20.28672 17.01902 22.40872 38.79322 65.17957 90.82614 37.0896 27.37847 17.75321 15.2536 17.10219 24.33414 27.9162 27.20844 20.23487 10.10654 14.19683 18.48487 16.4734 19.37727 38.21444 66.61824 59.53853 17.60232 618.1359 161.8844 9.248396 7.983704 9.394914 6.10166 7.257135 11.06446 162.3571 31.78504 5.592369 5.322346 5.311745 5.95927 5.681737 17.50471 31.15644 22.89965 5.566505 4.167448 10.20967 8.332443
161.3239 27.00063 129.5997 45.11715 67.81282 47.19926 36.40641 309.885 16.19015 9.995877 31.08459 7.700365 8.566539 12.70712 60.32527 12.69442 15.0349 15.15989 15.57403 17.97934 19.41836 29.97217 18.2009 23.94677 25.71775 16.96135 11.38391 12.05573 19.7035 23.7729 15.88351 41.70179 63.39944 57.62366 48.94053 44.96029 25.84927 16.66563 22.62473 198.5 465.6653 15.57427 15.40545 13.15381 25.5862 28.20259 47.11663 37.98643 42.98338 11.84158 94.5136 28.98395 6.802316 5.375741 4.95811 5.154809 7.608702 7.698801 5.804511 4.163138 3.810327 3.864982 3.815573 4.253707 5.191191 28.22198 31.32591 10.46212 3.99564 3.981929 12.64095 11.80223
71.49387 21.16031 53.49019 307.0029 77.25572 50.12224 16.65827 22.94436 14.79253 13.18541 10.64466 23.39935 12.2738 19.00461 15.58393 19.65558 15.30695 32.78991 197.6768 22.8477 15.80042 13.49226 12.66016 14.75899 342.3705 123.4116 28.67035 65.10527 15.05634 17.65633 13.61326 12.14887 17.88768 29.61715 51.63623 47.87634 49.1786 22.55648 23.83007 24.37094 24.03662 9.361137 8.980601 17.37711 9.371742 11.36801 15.14688 11.97423 12.15143 19.49367 36.85907 28.2593 10.83422 4.802235 4.478611 4.507927 4.92077 4.612739 3.540431 3.055139 2.847032 2.720161 3.110914 4.130254 5.453427 11.89187 4.216981 4.115277 3.991838 3.970924 5.448489 5.840123
17.31568 10.54981 42.58433 44.42595 88.95209 27.18381 15.23307 32.671 18.91008 9.590243 8.86279 10.88673 12.02544 14.7407 15.71393 17.94299 15.58221 17.78894 13.8032 13.6347 14.3223 14.61203 16.28015 10.88596 11.09919 17.01969 327.2997 81.88925 40.47376 18.24137 17.56973 12.3713 52.38427 7.168565 11.50508 15.28397 16.65094 15.60198 16.33333 138.3532 44.7991 17.51879 11.308 9.146284 9.677066 23.10891 18.10852 8.012136 8.494619 9.110376 5.514307 5.238345 3.740108 3.618351 11.03735 26.92545 6.447203 3.927087 3.163117 3.318252 2.70328 2.4496 3.647559 4.147696 4.389568 6.044888 8.196234 9.894585 3.973027 3.9684 2.570559 1.991419
40.94353 33.38335 10.95367 13.83657 28.26773 20.53319 19.75238 19.39077 24.05159 14.82601 12.5597 33.82504 10.91653 13.31492 13.08095 21.07658 20.54805 129.2766 227.2951 22.676 14.20903 62.60191 13.59135 13.73301 101.2544 42.10443 130.4089 200.0847 596.8274 48.22725 43.57927 14.51854 9.17265 8.029979 7.591715 7.509393 8.138963 9.69456 11.77814 105.4672 24.52851 20.75536 4.857738 4.957739 9.946472 87.17274 136.8843 9.305649 9.253899 13.33639 6.230199 5.002988 3.890161 21.16422 49.90727 50.25893 21.451 2.721125 3.049041 3.335612 3.22456 3.084343 3.636325 3.929248 3.993161 12.46388 23.09076 21.64137 12.34882 7.911688 1.667509 1.638134
155.7076 11.99549 12.94713 12.61193 39.76926 52.72523 69.99672 255.2977 47.16929 37.7637 180.1945 56.38763 12.23575 22.40257 12.78956 19.07583 23.64787 15.35029 12.54471 10.9696 11.89057 15.36193 14.85578 11.68371 14.08303 13.72364 13.5426 49.95592 18.07683 18.73888 13.17216 8.633165 50.06563 8.165293 6.563911 6.880091 5.23592 5.672982 8.311255 48.71813 13.7129 9.984658 3.686483 6.701217 10.3254 42.28908 5.787752 6.213562 7.755071 7.051939 3.148781 3.071854 7.279868 8.901333 22.81714 28.27858 8.115672 2.869237 2.015618 1.992524 3.040764 3.357784 3.379583 3.673206 3.881119 6.665037 18.81478 16.77623 11.38373 3.863029 1.478697 1.571287
17.57943 13.14466 13.3617 41.22097 18.8193 22.76198 25.56428 35.68911 26.02238 14.42067 14.83866 13.2078 15.10654 11.73666 15.22225 22.29406 18.00629 9.910957 16.50783 13.37817 12.06839 14.8278 28.56423 26.86827 30.5683 11.78384 9.228123 7.310594 7.507699 7.395092 6.726318 5.559865 8.211846 8.709251 20.40751 7.182252 8.36033 9.16109 9.792193 10.59716 9.770396 8.545122 3.54128 4.761017 8.233858 9.902313 3.914528 3.757802 5.307188 5.843696 6.091644 2.902678 2.432371 8.149166 6.944387 4.043848 4.043837 3.193917 2.011933 2.02248 2.810067 2.982874 2.753794 2.243703 3.06429 3.135588 3.245537 6.691175 5.933149 4.246931 2.442657 2.394357
230.1083 21.92152 13.67301 14.54447 17.90471 33.43827 545.2575 35.60233 20.41343 17.34537 16.77602 17.80276 26.12125 18.07525 25.57565 17.74546 8.287481 12.25853 14.07927 250.0352 161.1573 19.31483 29.50725 55.46944 28.96555 8.421022 12.79506 6.263091 4.060387 16.3792 12.9498 10.97395 17.80998 7.186798 7.128395 7.281641 9.56156 11.8265 260.8996 44.74369 10.00526 8.939513 8.00174 8.666631 8.698675 24.34918 5.939642 3.782103 4.543331 5.79232 6.273302 1.674394 0.9960104 1.443942 2.58104 2.439291 1.507416 1.15731 1.888415 2.407848 2.675691 2.388526 1.85422 1.680937 3.419033 4.240247 4.008308 4.044478 4.358935 4.559575 4.413993 20.41076
23.13359 16.89574 51.38549 88.13966 79.77538 19.53197 54.49208 31.58574 21.93037 22.0874 18.36412 17.42611 34.6502 27.02592 18.36827 10.38368 10.34715 10.7459 13.43115 128.7476 85.52393 38.35743 12.50587 8.501345 9.618756 5.631285 4.695747 4.703706 10.44856 34.39109 35.26085 15.21164 7.704768 10.25332 9.831359 4.252998 8.353167 10.99793 9.496099 5.161541 4.724413 5.149185 7.821327 18.06496 82.4514 88.65587 13.31101 8.998026 5.064121 3.130425 2.949929 1.026521 0.9591429 0.9960104 0.7567022 0.6967803 0.6967803 0.6956257 1.194829 1.402993 1.176291 1.027416 1.471614 1.675497 3.638504 3.511614 2.366615 3.008188 3.238376 93.38534 101.5693 90.79219
74.59048 200.5427 35.81388 29.46071 24.59692 31.20683 30.99823 31.35618 27.9018 24.84323 16.63305 13.75518 24.63193 10.57847 9.017892 10.9464 8.619479 13.16681 14.83196 12.93425 11.40741 10.55668 8.886106 7.451846 7.423084 5.156768 4.288244 4.525598 4.231224 17.06979 12.78599 1.753908 1.496858 4.55149 5.623607 2.088708 3.252967 5.491232 3.681273 4.179681 4.617606 4.659827 21.88879 6.776321 3.183844 3.588094 4.02893 3.932765 2.395601 1.776637 1.505613 0.6015968 0.6272132 0.5594172 0.4870031 0.4588158 0.5064086 0.6259186 0.5420862 0.6305153 0.7181337 1.264125 1.153798 1.253374 3.094229 2.569403 1.084779 1.049607 1.021454 43.61809 110.2857 45.33804
419.0406 57.92613 29.94096 29.27171 30.16341 23.60647 25.72085 31.29127 22.84186 18.48227 18.41084 7.256883 8.14609 9.270119 39.97604 5.947134 5.986738 12.16762 73.74509 10.54335 7.39223 4.480278 3.991405 3.634514 6.687921 3.862982 1.628301 2.932183 1.616351 1.478201 1.695603 1.67819 1.404291 1.389587 1.39651 1.601628 1.73146 1.178775 1.173321 1.181463 3.643349 28.24019 142.9961 59.16261 2.939804 2.939561 2.902155 1.809929 0.6318567 0.6015968 0.6015968 0.6015968 0.6015968 0.4482207 0.3580703 0.3580703 0.3758264 0.533501 0.5420863 0.8930512 1.855176 2.710186 2.569043 2.093829 0.928016 0.4690542 0.7626852 0.7033845 0.849938 2.151459 5.126434 1.077846
460.0006 61.21416 23.74966 47.24897 16.73707 15.13416 22.66101 17.64906 17.05024 14.22063 8.112707 10.10654 7.502024 6.593872 5.828479 24.16963 5.664287 6.918487 9.911546 8.158654 5.239221 3.229308 2.080575 1.741636 2.470358 2.146477 1.585935 1.553844 1.401358 1.313717 1.479665 1.478201 1.446169 1.412112 1.471407 1.502574 1.530204 1.425218 1.406916 1.39607 3.11216 4.279991 3.891736 3.721029 2.960294 2.519523 2.596436 0.9141889 0.6015968 0.584309 0.5541037 0.6015968 0.5824533 0.4188579 0.3580703 0.3580703 0.3580703 0.4080081 0.5420863 0.904498 1.362354 2.351823 2.382563 0.9472526 0.451074 0.451074 0.451074 0.451074 0.453285 0.451074 0.451074 3.148721
30.26471 31.7475 41.75492 19.88699 48.02342 23.44024 20.22881 15.04467 16.54364 15.42629 8.315791 8.215294 5.821691 5.17658 5.904736 8.598529 11.03008 11.34809 13.53752 5.691137 3.553394 3.216145 1.743581 1.614631 1.386944 1.209911 1.387705 1.418773 1.120094 1.117194 1.337929 1.478201 1.478201 1.487756 1.492666 1.5017 1.608943 1.614834 2.185063 2.568773 2.672975 2.424937 2.30995 2.083049 2.083049 2.083049 1.710827 0.6296068 0.5270988 0.3781945 0.345565 0.3954555 0.3816309 0.3580703 0.3580703 0.3580703 0.3583961 0.4077217 0.5303932 0.5420862 0.6548526 1.088139 1.313184 1.297116 0.6359124 0.4617383 0.451074 0.451074 0.451074 0.5487043 0.5508024 4.779183
55.81828 22.79161 75.88311 236.9339 140.935 164.2415 236.3465 19.86706 16.01841 15.27214 12.77388 7.316679 7.837922 9.656298 12.1096 16.47467 332.7833 381.6051 15.52966 8.811613 10.38011 2.45891 0.8472995 0.8472996 0.8472996 0.8472996 1.040434 1.115085 1.115085 1.119621 1.749107 1.715405 1.478201 1.379211 1.296655 1.288214 1.464783 1.249996 1.160303 0.9023594 0.76889 2.45292 2.457669 2.083049 2.082832 1.491542 1.558271 0.706756 0.4313188 0.3449775 0.3449775 0.3449775 0.3449874 0.3478818 0.3546548 0.3579976 0.3893244 0.9765786 1.095677 1.158388 1.306626 1.313184 1.313184 1.313184 1.313184 1.13969 0.7862638 0.5239428 0.6190908 0.7186992 0.7579547 0.7579547
34.12689 23.57723 145.5008 298.318 366.1112 224.0364 126.9364 147.3759 95.85053 32.93139 20.17379 16.15776 8.35692 8.111048 8.988561 10.73147 20.21734 38.3143 4.87233 6.950882 11.53775 9.718269 2.912457 1.639856 1.341283 1.160584 1.124933 1.160083 1.786334 2.506958 2.76714 2.761976 2.682631 1.864601 1.288214 1.288214 1.288214 1.013627 0.3387158 0.3387158 0.3387158 0.6131879 1.730479 2.083049 1.848472 0.7091899 0.8199093 0.7084488 0.6880381 0.5825475 0.5430925 0.3611543 0.3449775 0.3449775 0.3449775 0.3511615 1.033659 1.310994 1.313184 1.313184 1.313184 1.313184 1.313184 1.313184 1.313184 1.313184 1.313035 1.055617 0.758985 0.7579547 0.7579547 0.7575434
23.7052 26.15914 52.32713 347.305 127.4979 27.45743 19.58105 70.12043 151.6469 32.99168 18.86864 17.56201 114.8252 9.286852 11.6368 7.2821 4.136329 3.153398 2.662532 3.22046 5.67045 9.200705 5.077547 4.139629 3.317286 2.683366 2.58546 2.089277 1.897954 2.227213 2.945139 3.214801 3.285712 1.748561 2.578009 2.490361 1.866002 2.028634 0.5269724 0.3387158 0.3387158 0.3387158 0.4090093 0.7906991 0.9437961 0.7084489 0.7084488 0.7084488 0.7084489 0.7084488 1.035976 1.18627 0.4146936 0.3449775 0.3449775 0.5675586 1.173384 1.313184 1.313184 1.313184 1.313184 1.313184 1.313184 1.313184 1.313184 1.313184 1.041934 0.855378 0.7579547 0.7579547 0.754644 0.7428192
21.64586 17.85828 58.2813 270.088 33.17797 245.1693 133.7498 591.739 115.6278 27.09959 22.78082 18.61975 25.80994 6.725107 6.478726 3.838112 2.999922 1.774397 1.947807 1.783594 1.67126 3.500376 5.078155 5.500515 5.983119 3.92567 2.683366 2.291783 1.878821 1.878821 2.48435 17.44275 52.92866 5.292695 5.903468 3.619524 2.654499 2.637533 0.4775398 0.3387158 0.3387158 0.3387158 0.3387158 0.4639424 0.7084488 0.7084488 0.7084488 0.7084488 0.735132 0.9714699 1.665945 1.696857 1.542334 0.8893377 1.089368 1.313113 1.313184 1.313184 1.313184 1.313184 1.313184 1.313184 1.313184 1.313184 1.313184 1.299288 0.9014701 0.7579547 0.7579547 0.7579547 0.7192058 0.6235957
22.15668 139.8725 29.64674 75.10077 70.27059 32.65548 33.47595 28.01334 22.58734 20.56115 23.81286 17.70382 12.23508 9.100408 5.732224 4.234719 3.699424 3.081221 1.481882 1.361722 1.352218 1.832924 5.735128 6.85062 7.015279 5.10849 2.684604 2.531884 1.878821 1.878821 1.996639 87.85957 94.12631 34.29806 2.654499 2.654499 2.654499 2.654499 1.90789 0.743956 0.3643961 0.3387158 0.3387158 0.5042548 0.7084488 0.7084488 0.7084488 0.9881619 1.428023 1.696856 1.696857 1.696857 1.798661 1.952763 3.281725 2.644727 1.375377 1.336935 1.312454 1.313184 1.313184 1.313184 1.313184 1.313184 1.313184 1.016252 0.7579547 0.7579547 0.7579547 0.7579547 0.7098844 0.6235957
23.67173 -9999 -9999 70.81776 61.46286 44.91806 46.53045 34.9129 29.76465 20.21846 19.64703 24.869 12.72543 9.163671 5.557763 4.440669 50.5766 2.274856 1.288042 1.286116 1.613867 6.643995 10.04877 104.5837 204.6984 16.29801 8.702666 2.683366 -9999 -9999 -9999 -9999 -9999 2.654499 2.654499 2.573441 2.28866 2.177782 2.058241 2.141002 1.859255 0.3404654 0.3387158 0.3910557 0.6822159 0.7084488 1.088251 1.683899 1.696857 1.696857 1.696857 1.702434 1.92034 1.952953 3.403798 3.972435 2.190851 1.388903 1.238172 1.267992 1.285424 1.300686 1.307381 1.313184 1.313184 1.219424 0.7705303 0.7579547 0.7579547 0.7579547 0.7151495 0.6235957
-9999 -9999 -9999 52.2858 38.20974 46.93092 50.59713 41.1101 65.17551 43.28666 24.03874 23.16944 17.51874 17.18506 11.98372 9.334904 7.034364 1.802081 1.562693 1.248421 1.833592 5.538356 5.969353 22.93248 17.93598 17.32463 17.12613 -9999 -9999 -9999 -9999 -9999 -9999 1.889237 2.205319 1.980866 1.87658 1.87658 1.87658 1.87658 1.87658 0.5843999 0.3387158 0.4857101 1.016428 1.143561 1.656951 1.696857 1.696857 1.696857 1.755975 1.889299 1.952953 2.07961 3.991579 4.058166 3.397266 1.373596 1.223438 1.223437 1.223438 1.302988 1.409673 1.351547 1.351151 1.350643 1.252218 1.151582 1.152267 1.155382 1.159493 0.6994009
96.23196 126.005 112.8044 77.20213 60.32047 233.0964 283.9392 65.47918 62.18422 79.20351 58.83482 166.4242 82.20309 27.33618 20.4123 17.53163 8.968012 7.827402 5.417617 1.863519 1.288715 3.076192 4.577935 5.437369 -9999 -9999 -9999 -9999 2.834193 -9999 2.601934 2.811592 0.7944204 0.7028025 0.9904547 1.388548 1.837373 1.87658 1.87658 1.87659 3.022501 4.776384 6.938701 9.459699 11.45575 9.85935 6.780933 0 1.696857 1.696857 1.751592 1.952953 1.952953 2.402436 4.031658 4.058166 3.423652 1.349335 37.00908 3.151489 1.501756 2.069546 2.190372 1.418002 1.355724 1.355723 1.35462 1.230917 1.207237 1.207237 1.207237 0.6723493
-9999 -9999 197.0451 231.8009 64.29797 65.90804 56.2373 85.07759 78.15309 57.5057 106.5024 110.2324 34.71532 23.80762 22.09743 20.6344 45.93369 12.18929 15.01153 9.934229 3.629709 7.975177 4.577936 -9999 -9999 -9999 -9999 2.834193 2.834193 2.834193 2.035092 1.287135 0.7180229 0.7008306 0.7008306 0.7008306 0.9261655 1.382146 1.632658 1.877737 11.73676 11.73676 11.73676 11.73676 11.73676 11.73676 11.73676 0 1.696857 1.719454 1.898528 1.952953 1.952953 2.876754 4.058166 2.239666 1.65191 1.324734 32.0439 48.96088 2.469042 2.472414 2.472414 1.605946 1.355723 1.355723 1.355723 1.288314 1.207237 1.166396 0.7950519 0.6339806
-9999 -9999 -9999 -9999 75.01958 57.72554 58.10185 38.63969 17.47053 26.91832 30.96613 45.21879 99.77609 124.5963 205.2661 42.37444 22.86883 14.44327 13.07258 2.807199 4.505339 15.61921 23.51983 -9999 -9999 -9999 -9999 -9999 2.834193 2.834096 1.964252 0.7212853 0.7008306 0.7008306 0.7008306 0.7008306 1.413615 2.046718 0.7008306 0.765402 11.73676 11.73676 11.73676 11.73676 11.73676 11.73676 11.73676 11.73676 11.70512 8.189646 3.826044 1.952953 2.016424 3.883595 3.819611 1.449643 1.442246 1.308837 1.291822 2.017139 2.472414 2.534194 3.520463 2.875331 1.424766 1.355723 1.355723 1.321713 1.214348 3.372816 2.722276 1.032296
-9999 -9999 -9999 -9999 -9999 -9999 120.4757 111.1615 69.09576 19.60718 13.77763 39.22082 27.96406 91.34682 40.58156 121.2757 68.40952 41.3035 37.20037 31.66171 17.57835 44.20155 20.06015 736.3359 -9999 -9999 -9999 -9999 -9999 2.834193 93.59766 3.552562 0.9302436 0.8976055 1.516472 1.961594 2.543314 2.876207 2.110569 1.444264 11.73676 11.73676 11.73676 11.73676 11.73676 11.73676 11.73676 11.73676 11.73676 11.73676 11.65426 6.20168 3.242767 4.794466 4.941917 3.3323 2.93593 3.758097 3.709573 2.472414 2.472414 3.152922 4.279325 6.971251 32.79279 23.52281 3.207139 1.28023 1.238776 3.971847 4.215221 37.65678
-9999 -9999 -9999 -9999 -9999 -9999 -9999 120.4757 37.99783 34.43484 27.01378 10.34678 7.603274 17.17131 29.26643 115.2242 59.92596 188.4501 132.7416 233.8913 161.2986 180.2855 127.1848 1169.758 -9999 -9999 -9999 -9999 -9999 -9999 241.201 13.58217 2.861547 2.940424 2.947743 2.947743 2.947743 2.947743 2.947743 2.961983 11.73676 11.73676 11.73676 11.73676 11.73676 11.73676 11.73676 11.73676 11.73676 11.73676 11.73676 11.73595 10.07173 8.145188 8.145188 8.145188 8.145188 8.145188 7.983365 4.083974 2.599062 4.035169 4.279215 14.49066 41.11996 40.70788 8.198282 4.830475 4.111496 32.43166 52.31082 31.02929
-9999 -9999 -9999 -9999 -9999 -9999 -9999 -9999 -9999 157.1946 14.63154 45.32912 23.96089 8.985787 5.930847 10.38316 22.37354 128.2703 39.33348 20.08467 61.62965 53.21922 133.4755 361.9547 -9999 -9999 -9999 -9999 -9999 -9999 -9999 2.947743 2.947743 2.947743 2.947743 2.947743 2.947743 2.947743 2.947743 2.955496 11.73676 11.73676 11.73676 11.73676 14.07848 15.73606 11.92838 11.73676 11.73676 11.73676 11.73676 11.6986 9.02899 8.145187 8.145187 8.145187 8.145187 8.145187 8.145187 7.661942 4.188797 3.820295 3.084332 2.838331 3.488957 10.32214 25.05708 40.63943 26.55028 20.71557 52.53155 34.59829
-9999 -9999 -9999 -9999 -9999 -9999 -9999 -9999 -9999 -9999 -9999 98.28046 68.20293 125.5672 51.2398 33.0152 24.37339 7.501563 16.5484 22.5449 21.51137 25.875 62.90181 62.36818 371.8789 -9999 -9999 -9999 -9999 -9999 -9999 -9999 2.947743 3.136109 3.802776 4.646521 4.981911 3.458936 2.947743 2.949435 11.73652 11.73676 11.73676 17.30099 24.08945 25.07682 22.78435 19.01193 11.92283 11.73676 11.73676 10.97478 8.145186 8.145187 8.145186 8.145187 8.145186 8.145186 8.145186 8.145186 3.452743 3.418066 5.587688 6.794805 7.854891 10.66885 103.4438 380.2589 59.07471 76.13602 38.37627 13.38982
