Data/gpw_v4_population_density_rev11_2010_30_min_origin.asc
ncols         720
nrows         360
xllcorner     -180
yllcorner     -90
cellsize      0.5
NODATA_value  -9999
[rows 128 to 159 of 360, columns 360 to 431 of 720]
0.1751849 0.1751849 0.2924247 0.4083755 0.2994505 0.637906 0.7109751 0.5618159 0.04415498 0.04416497 0.07544801 0.08896717 0.09535521 0.2400245 0.2512658 0.2512657 0.2458795 0.2316756 0.2512657 0.3775344 0.4868231 0.4868231 1.081475 2.090882 1.852763 1.233664 0.6211463 0.2962761 0.2962761 0.2962761 0.2962761 0.2962761 0.2962762 0.2962761 0.2962762 0.2962761 0.2962762 0.2962761 0.1804699 0.1212269 0.1212269 0.1212269 0.1212269 0.1212269 0.1212269 0.1212269 0.1212269 0.1212269 0.1212269 0.1212264 0 0 0 0 0 0 7.287595 16.48617 0.9535215 0 0 7.732016 0 0 47.52298 512.5761 0 0.2782778 4.467069 1.565105 -9999 -9999
0.1751849 0.1751849 0.2093072 0.3756438 0.04416769 0.06153806 0.09837213 0.1289993 0.04415498 0.04415498 0.07386876 0.08896717 0.08896717 0.1031351 0.1655968 0.1836531 0.1144145 0.1198349 0.2548649 0.2628922 0.4749008 0.4868231 0.42642 0.2962761 0.2962761 0.2962761 0.2962761 0.2962761 0.2962761 0.2962761 0.2962761 0.2962761 0.2962761 0.2962761 0.2962761 0.2962761 0.2962761 0.2962761 0.1812429 0.1212269 0.1212269 0.1212269 0.1212269 0.1212269 0.1212269 0.1212269 0.1212269 0.1212269 0.1212269 0.1212265 0 0 0 0 0 0 0 1.369499 4.753386 0 1.362202 17.84307 0 0 20.51548 135.3355 13.81948 0.0001051201 0.3660837 0.4994523 -9999 -9999
0.1751849 0.1751849 0.1880517 0.1379235 0.04415498 0.04415498 0.04415498 0.04415498 0.04415498 0.04415498 0.05826471 0.08896717 0.08896717 0.08924777 0.09638382 0.1017677 0.1017677 0.1441461 0.2777882 0.2779394 0.4070182 0.4670973 0.4426145 0.2962762 0.2962762 0.2962762 0.2962762 0.2962762 0.2962762 0.2962762 0.2962762 0.2962762 0.2962762 0.2962762 0.2962762 0.2962762 0.2962762 0.2962762 0.182016 0.1212269 0.1212269 0.1212269 0.1212269 0.1212269 0.1212269 0.1212269 0.1212269 0.1212269 0.1212269 0.1212264 0 0 0 0 0 0 0 0 0 0 0 2.468875 0 0 0 120.8801 84.55619 0 0.0005354466 0.4801386 0.498371 -9999
0.1613434 0.1672236 0.1569439 0.04415499 0.04415499 0.04415499 0.04415499 0.04415499 0.04415498 0.04415499 0.04766047 0.08896717 0.08896717 0.0888526 0.07625365 0.1003406 0.1022323 0.2241645 0.2779394 0.2779394 0.2779394 0.2782301 0.3464075 0.293037 0.2962762 0.2962762 0.2962762 0.2962762 0.2962762 0.2962762 0.2962761 0.2962762 0.2962762 0.2962762 0.2962762 0.2962762 0.2962762 0.2962761 0.182789 0.1212269 0.1212269 0.1212269 0.1212269 0.1212269 0.1212269 0.1212269 0.1212269 0.1212269 0.1212269 0.1212264 0 0 0 0 0 0 0 0 0 0 0.4116643 1.249261 0 0 0 123.9495 16.49739 0 0.02218661 0.410452 0.4874684 0.5042551
0.1508435 0.1508435 0.1354297 0.04415498 0.04415537 0.04431568 0.04415498 0.04415498 0.04428112 0.04415498 0.1993025 0.2033994 0.07756995 0.05624561 0.0500373 0.09290503 0.1274882 0.2779394 0.2607396 0.2601007 0.2779394 0.2779394 0.2779394 0.281708 0.2957416 0.2962761 0.2962761 0.2962761 0.2962761 0.2962761 0.2962761 0.2962761 0.2962761 0.2962761 0.2962761 0.2962761 0.2962761 0.2962761 0.183562 0.1212269 0.1212269 0.1212269 0.1212269 0.1212269 0.1212269 0.1212269 0.1212269 0.1212269 0.1212269 0.1212264 0 0 0 0 0 0 0 0 0 0 1.539022 0.000623645 0 0 0.02833589 71.9622 2.967425 0 0 0.0006697749 0.3148136 0.5018529
0.1508435 0.1508435 0.1425257 0.1016894 0.1104355 0.111276 0.09583134 0.09705517 0.1139698 0.1055301 1.704348 1.91466 0.2435993 0.0500373 0.0500373 0.1157345 0.1971379 0.1477009 0.05393958 0.0503089 0.1805504 0.2779394 0.2300214 0.109431 0.08146999 0.1306269 0.1813442 0.2717923 0.2962762 0.2962642 0.267954 0.2012658 0.169631 0.25676 0.2962762 0.2962762 0.2962762 0.2962762 0.184335 0.1212269 0.1212269 0.1212269 0.1212269 0.1212269 0.1212269 0.1212269 0.1212269 0.1212269 0.1212269 0.1212264 0 0 0 0 0 0 0 0 0 0 0 0 0 0 0 0 0 0 0 0.7644746 1.325531 1.419816
0.1508435 0.1508435 0.1463042 0.1215919 0.1215919 0.1215919 0.1215919 0.1215919 0.1215919 0.1215919 1.763728 2.480476 1.146323 0.0500373 0.0500373 0.0500373 0.0500373 0.0500373 0.0500373 0.0500373 0.156428 0.2255814 0.0642449 0.06332348 0.06332348 0.06332348 0.06332348 0.08469836 0.1948906 0.1128463 0.1658729 0.158227 0.1075543 0.1076773 0.1571367 0.246604 0.2961582 0.2962762 0.185108 0.1212269 0.1212269 0.1212269 0.1212269 0.1212269 0.1212269 0.1212269 0.1212269 0.1212269 0.1212269 0.1212265 0 0 0 0 0 0 0 0 0 0 0 0 0.005362914 1.786673 0 0 0 0 0 0.1575222 1.135228 1.412205
0.1508435 0.1508435 0.1461174 0.1215919 0.1215919 0.1215919 0.1215919 0.1215919 0.1215919 0.2963721 2.396203 2.480476 2.423993 0.5381982 0.05003729 0.05003729 0.05003729 0.05003729 0.05367086 0.1204554 0.1942968 0.1979631 0.06332348 0.06332348 0.06332348 0.06332348 0.06332348 0.06332348 0.06332348 0.06332348 0.1439574 0.1764041 0.1169337 0.1075543 0.1075543 0.1075543 0.1478831 0.23775 0.1850188 0.1212269 0.1212269 0.1212269 0.1212269 0.1212269 0.1212269 0.1212269 0.1212269 0.1212269 0.1212269 0.1212264 0.002242605 0.003099014 0.003243205 0.003341795 0.003538748 0.003960932 0.003873596 0.003836622 0.002982822 0.002396233 0.003259846 0.003965028 0.3547576 2.169773 0.005544268 0.0266387 0.02052858 0 0 0 0 0.651126
0.1536563 0.1508659 0.1730209 0.2122102 0.1072153 0.1068755 0.1153576 0.1215919 0.1215919 1.005 2.480476 2.480476 2.480476 0.4489604 0.0500373 0.0500373 0.0500373 0.09095956 0.1786275 0.2021037 0.2021037 0.1982294 0.06332348 0.06332348 0.06332348 0.06332348 0.06332348 0.06332348 0.06332348 0.06332348 0.1324907 0.1764835 0.1528936 0.1075543 0.1075543 0.1075543 0.1075543 0.1075543 0.1123894 0.1166527 0.1211136 0.1212269 0.1212269 0.1212269 0.1212269 0.1212269 0.1212269 0.1212269 0.1212269 0.1212275 0.2702681 0.2702773 0.2702773 0.2702773 0.2702773 0.2702773 0.2702773 0.2702773 0.2702773 0.2702695 0.2702773 0.2702773 0.2702773 0.2702773 0.6928655 2.590385 2.523341 2.123456 1.880096 1.875285 1.875008 1.874966
0.1584827 0.1565643 0.2038418 0.3521467 0.1528841 0.09908327 0.1013175 0.1123525 0.1214048 0.8848585 2.054075 2.421858 2.03913 0.1488084 0.1063878 0.1818961 0.1507158 0.2019573 0.2021037 0.2021037 0.2021037 0.1984958 0.06332347 0.06332347 0.06332347 0.06332347 0.06332347 0.06332347 0.06332347 0.06332347 0.08564265 0.1734466 0.1764795 0.1400138 0.1075543 0.1075543 0.1075543 0.1075543 0.1075543 0.1075543 0.1098009 0.1166342 0.1232181 0.1212269 0.1212269 0.1212269 0.1212269 0.1212269 0.1212269 0.1212275 0.2702773 0.2702773 0.2702773 0.2702773 0.2702773 0.2702773 0.2702773 0.2702773 0.2702773 0.2702773 0.2702773 0.2702773 0.2702773 0.2702773 0.774587 2.590385 2.329317 1.878112 1.878112 1.878112 1.878112 1.878112
0.1584827 0.1584827 0.1999516 0.346872 0.2360414 0.09908327 0.09908327 0.09908327 0.1212366 0.1409726 0.147283 0.3512561 0.4094914 0.147283 0.7076308 1.461844 0.2021037 0.2021037 0.2021037 0.2021037 0.2021037 0.1987622 0.06332347 0.06332347 0.06332347 0.06332347 0.06332347 0.06332347 0.06332347 0.06332347 0.06332347 0.1403402 0.1764835 0.1763552 0.1422653 0.1075543 0.1075543 0.1075543 0.1075543 0.1075543 0.1075543 0.1755561 0.3214361 0.2023694 0.1227407 0.1212269 0.1212269 0.1212269 0.1212269 0.1212272 0.2702773 0.2702773 0.2702773 0.2702773 0.2702773 0.2702773 0.2702773 0.2702773 0.2702773 0.2702773 0.2702773 0.2702773 0.2702773 0.2702773 0.8797957 2.590385 2.494627 1.904922 1.831731 1.864744 1.878104 1.878111
0.1584827 0.1584827 0.1584827 0.453822 0.4419132 0.1005643 0.09908327 0.09908327 0.1367244 0.147283 0.147283 0.147283 0.1541045 0.9275223 1.63934 1.610146 0.2024029 0.2021037 0.2021037 0.2021037 0.2021037 0.1990286 0.06332348 0.06332348 0.06332348 0.06332348 0.06332348 0.06332348 0.06332348 0.06332348 0.06332348 0.08648275 0.1764835 0.1764835 0.151359 0.1075543 0.1075543 0.1075543 0.1075543 0.1079422 0.1079882 0.3016911 0.3612214 0.3612214 0.3172496 0.1949115 0.1217724 0.1212269 0.1212269 0.1212277 0.7583529 0.7571399 0.7559354 0.7548363 0.75379 0.7520561 0.7515692 0.7510895 0.7506098 0.7501301 0.748255 0.7456928 0.7471728 0.7487084 1.320342 2.590385 2.590385 1.967481 1.73594 1.73594 1.74213 1.753268
0.1183545 0.3977006 0.4439298 0.5843834 0.5479218 0.2710711 0.1587471 0.09908328 0.1250667 0.147283 0.147283 0.1812233 1.104804 1.640674 1.640674 1.640674 0.2456478 0.2021037 0.2021037 0.2021037 0.2021037 0.1992949 0.06332348 0.06332348 0.06332348 0.06332348 0.06332348 0.06332348 0.06332348 0.06332348 0.06332348 0.1248822 0.1764835 0.1736967 0.1153663 0.1075543 0.1075543 0.1075543 0.1075543 0.3565967 0.3612214 0.3612214 0.3612214 0.3612214 0.3612214 0.3612214 0.3103085 0.1863028 0.8864077 0.8864126 0.8864126 0.8864126 0.8864126 0.8864126 0.8864126 1.888565 1.879994 1.86689 1.853786 1.840515 6.987771 21.14264 2.97214 1.690012 2.107581 2.590385 2.590385 2.027034 1.73594 1.73594 1.73594 1.73594
0.3962799 0.6551922 1.230802 0.6302829 0.4326895 0.2684494 0.1560639 0.1009898 0.2173662 0.4489826 0.5711831 0.9329239 1.640674 1.640674 1.640674 1.478996 0.3040494 0.2021037 0.2021037 0.2021037 0.2021037 0.1995613 0.06332347 0.06332347 0.06332347 0.06332347 0.06332347 0.06332347 0.06332347 0.06332347 0.06332347 0.1399765 0.1764835 0.1417464 0.1075543 0.1075543 0.1075543 0.1075543 0.1075543 0.3575565 0.3612213 0.3612213 0.3612214 0.3612214 0.3612214 0.3612214 0.3612214 0.3612214 0.8862845 0.8864127 0.8864127 0.8864127 0.8864127 0.8864127 0.8864127 3.22189 3.226623 3.226623 3.226623 3.226623 4.720678 5.644717 3.226623 3.944943 5.853446 2.590385 2.590385 2.168202 1.73594 1.73594 1.73594 1.75034
0.7197145 0.7779598 1.364187 1.953368 0.8980863 0.1231786 0.1217441 0.1222096 0.4597859 0.7822145 0.7870401 0.7878703 1.525255 1.640673 1.640673 1.063227 0.2021037 0.2021037 0.2021037 0.2021037 0.2021037 0.1998277 0.06332347 0.06332347 0.06332347 0.06332347 0.06332347 0.06332347 0.06332347 0.06332347 0.06332347 0.1536646 0.1925109 0.2402097 0.2381298 0.2386685 0.2392073 0.2184429 0.1765352 0.3592376 0.3612214 0.3612213 0.3612214 0.3612214 0.3612214 0.3612214 0.3612214 0.3612214 0.8862844 0.8864127 0.8864127 0.8864127 0.8864127 0.8864127 0.8876806 2.378177 2.381456 2.384701 2.387872 2.344686 1.928793 2.24575 2.581398 7.974828 7.85122 2.894827 2.590385 3.837894 1.910706 1.73594 1.76386 7.27009
1.118479 0.8955027 2.078875 2.191065 1.220589 0.1222329 0.1230297 0.1234658 0.4566817 0.776545 0.7870401 0.7870401 1.55113 1.640674 1.640674 1.473409 0.7184342 0.2669512 0.2021037 0.2864058 0.5023146 0.684458 0.06332348 0.06332348 0.06332348 0.06332348 0.06332348 0.06332348 0.06332348 0.06332348 0.06332348 0.1604841 0.26642 0.3099924 0.3099924 0.3099924 0.3099924 0.3301944 0.8929011 0.5375068 0.3931498 0.3626034 0.3612214 0.3612214 0.3612214 0.3612214 0.3612214 0.3612214 0.8862845 0.8864127 0.8864127 0.8864127 0.8864127 0.8864127 0.8880545 1.257477 1.257477 1.257477 1.257477 1.257477 1.319765 2.346179 4.912663 9.3225 10.78124 13.43107 11.03706 11.86329 8.740475 3.404825 6.161908 8.99064
1.206808 1.204874 1.732535 1.379375 0.2154412 0.1956395 0.2368523 0.2660322 0.5268897 0.7702333 0.7845829 0.7870401 0.948321 1.14679 1.573513 5.149701 6.940172 6.932599 6.920976 7.004391 6.393714 5.289323 0.06332348 0.06332348 0.1626152 0.3063371 0.3698619 0.372358 0.3748541 0.3773501 0.3798505 0.2307623 0.3098843 0.3099925 0.3099925 0.3099925 0.3099925 0.7211962 1.167701 1.167701 1.167701 0.4024211 0.3612213 0.3612213 0.3612213 0.3612213 0.3612213 0.3612213 0.8862844 0.8864127 0.8864127 0.8864127 0.8864127 0.8864127 0.8891696 1.257477 1.257477 1.257477 1.257477 1.42884 2.90411 3.406203 3.501866 7.501283 11.47899 15.48132 13.78954 12.60593 10.22811 8.558251 8.876722 8.99064
2.371882 1.75941 1.531156 0.274436 0.1968864 0.1968864 0.2525539 0.2660322 0.5273368 0.7682208 0.7701163 0.7810345 0.7870401 0.7870401 1.118927 6.775533 7.059297 6.482169 3.05691 1.291521 0.5934196 0.5851457 0.1401468 0.3790073 0.3840837 0.3854501 0.3854501 0.3854501 0.3854501 0.3854501 0.3854501 0.2959973 0.3099924 0.3099924 0.3099924 0.3099924 0.315648 1.069567 1.167701 1.167701 1.140807 0.3617593 0.3612214 0.3612214 0.3614024 0.4089943 0.413834 0.4090573 0.8862948 0.8864126 0.8864126 0.8864126 0.8864126 0.8864126 0.8902848 1.257477 1.257477 1.257477 1.593468 3.111352 3.406203 3.406203 3.406203 3.569067 7.479144 8.016566 8.016566 8.680927 8.016566 8.016566 8.116352 9.469644
3.553126 1.76576 1.616579 0.7659687 0.1968864 0.1972624 0.262171 0.2660322 0.8815405 0.8281295 0.7682207 0.7682326 1.201363 0.7870401 0.7747304 2.656315 3.18384 2.6344 0.6775502 0.5934196 0.5808325 0.5294071 0.5067471 0.5063491 0.38545 0.38545 0.38545 0.38545 0.38545 0.38545 0.7178278 0.7436925 0.3272588 0.3099925 0.3099925 0.3099925 0.4691783 1.167701 1.167701 1.167701 1.063898 0.3612214 0.3612214 0.3612214 1.256327 4.3088 4.3088 4.3088 0.8872482 0.8864127 0.8864127 0.8864127 0.8864127 0.9013452 1.017533 1.362961 1.360773 1.839786 3.265728 3.408168 3.408167 3.418477 3.469269 32.84762 17.36936 16.92629 18.19764 22.25623 13.49187 8.016566 8.016566 11.40078
11.68714 2.12168 1.848303 1.389347 0.826463 1.018756 0.4456261 0.569935 1.77007 1.791257 3.734722 10.56553 11.59162 2.362091 0.696675 0.5934196 0.5934196 0.5934196 0.8726072 1.198632 0.5095323 0.5067471 0.5067471 0.5061625 0.38545 0.38545 0.38545 0.38545 0.38545 0.6933582 1.540867 1.579351 1.417643 0.8674225 0.38089 0.3099924 0.8323528 1.167701 1.318354 1.167701 1.166158 0.484502 0.3612213 0.3612213 3.517329 4.3088 4.3088 4.3088 2.977448 0.8864126 0.8864126 0.8864126 0.8864126 1.064566 3.448818 3.448818 3.448818 3.448818 3.448818 3.520053 3.890239 4.292097 4.764169 107.6398 226.7695 133.7975 63.6357 24.82921 20.93529 8.347543 14.9721 15.10106
11.08724 14.27923 2.640656 1.591174 1.581381 1.800683 2.345212 4.285288 1.90772 1.907481 8.520452 12.67766 16.44434 4.939753 0.7653053 1.297476 2.146075 7.73519 14.43552 3.467128 0.5067471 0.5067471 0.5067471 0.5059758 0.38545 0.38545 0.38545 0.38545 0.6408821 1.524346 1.579351 1.579351 1.579351 1.620393 1.713191 1.169301 1.166666 1.167701 2.833734 2.910241 3.211653 2.245119 5.265957 7.296546 8.036059 5.684872 4.311464 4.312171 3.238669 0.8864126 0.8864126 0.8864126 0.8864126 0.8954138 3.389812 3.448818 3.448818 3.448818 3.448818 4.080816 4.764168 4.764168 4.764168 10.39621 287.4633 352.7884 96.36295 63.43603 38.41162 8.251149 30.48818 42.26028
3.431212 8.583817 10.04671 10.4056 6.838252 7.410769 8.031319 10.3975 14.46333 28.41799 33.78092 22.51372 16.62563 9.18873 7.425839 9.327943 11.57633 16.42257 16.42257 3.610034 0.5067471 0.5067471 0.5067471 0.5057893 0.3854501 0.3854501 0.3854501 0.4609801 1.427306 1.579351 1.579351 1.579351 1.597672 1.781622 1.811742 2.091244 3.328522 3.191767 4.010799 4.693822 7.483058 7.596504 8.134163 9.065909 9.082965 8.549868 4.316715 4.220575 1.820728 0.8864126 0.8864126 0.8864126 0.8864126 0.8864126 3.164716 3.448819 3.448819 3.448819 3.491055 4.567595 4.764169 4.764169 4.764169 4.764169 150.4636 450.363 104.3143 46.42976 7.168962 4.210254 18.04665 61.04945
15.53343 15.42526 30.21183 22.46128 18.34741 18.01943 16.88621 10.67055 27.25276 41.33998 47.54819 80.60503 67.35519 37.54756 44.60273 15.28484 15.15354 16.42257 16.11678 12.24075 4.488622 0.5565639 0.5067471 0.503111 0.38545 0.3891868 0.6718484 1.089764 1.579351 1.694255 3.051506 1.843633 2.038036 1.811742 1.811742 2.610541 4.018161 4.018161 4.30734 6.154175 7.469735 7.596504 8.145874 18.06793 13.98243 10.49455 4.382095 4.315892 4.315892 4.315892 6.561177 7.901168 5.995234 1.26053 2.435517 3.448818 3.448818 3.448818 3.448818 4.717581 4.870724 5.434078 4.983148 19.26672 55.33274 142.3587 142.2773 69.0248 28.1807 3.698089 4.975885 14.81454
35.89355 47.19741 51.81689 31.78891 20.63049 23.50528 25.3248 28.63291 40.1188 42.46773 93.46539 112.5104 109.2564 54.20285 67.26776 71.09972 64.32459 27.86432 49.84473 45.80945 14.18304 11.28738 5.237622 7.969265 9.945419 9.428799 8.221472 14.59634 8.231991 7.61212 15.68227 14.51096 3.798438 1.811742 1.811742 3.129837 4.018162 4.064475 6.091642 6.433325 13.39059 15.53557 12.24372 21.96563 20.00189 16.49464 18.13217 13.27209 4.988817 6.033388 18.69464 17.47649 11.6389 9.132746 5.067556 5.58322 3.798272 3.448818 5.002616 14.12837 14.37398 17.06696 14.69365 44.96015 57.41136 135.1456 168.6543 196.2245 41.37267 10.58613 86.20248 20.21896
36.50735 42.85549 52.35494 44.53806 212.2876 50.86577 45.49355 48.96521 43.61673 62.33785 145.4402 133.0401 103.7411 90.26955 154.8396 95.3004 94.73083 124.5934 129.6859 37.38416 14.18304 13.70471 12.65511 12.95214 16.93684 21.42538 28.47902 19.47855 15.24857 22.33406 36.98826 21.71728 12.42419 10.32045 5.388958 3.766177 4.018162 4.393375 6.433325 6.433325 13.26833 19.29142 21.58585 35.11821 53.04726 26.85184 56.09627 53.82934 87.56566 36.46016 36.69073 32.16153 9.850813 7.513142 7.578473 14.95836 16.39902 13.47839 16.5795 18.58645 22.5144 28.63883 22.30232 33.83394 58.71925 109.8277 73.40285 89.01921 56.8566 23.90669 37.25402 22.6868
28.75377 30.64334 27.19434 28.98318 183.0681 67.93485 53.50828 68.64423 43.81834 81.03745 350.2003 126.418 102.8389 106.7161 128.4738 235.6564 234.9823 157.5686 79.24515 39.23561 41.59988 29.95586 27.37384 26.34765 21.73461 34.15863 35.23639 42.65005 20.31975 21.01925 44.37006 28.05933 14.06587 14.0096 11.38217 9.571682 4.455924 4.822853 6.392113 6.45846 9.7367 19.46761 21.52365 32.35231 66.16906 18.5926 21.79272 28.25687 39.77511 30.05446 37.23328 16.64465 9.376307 7.434403 9.281141 15.13641 15.9722 17.1051 17.13579 52.75335 62.37351 30.30151 29.91771 30.37032 68.13155 106.2927 43.19773 72.58861 23.59623 34.03254 21.56716 20.83072
42.12998 19.2898 17.46693 24.59449 27.78464 65.43512 52.62226 66.79414 92.78207 139.8159 206.2987 89.78256 119.4531 174.8232 203.2486 373.9511 359.9741 262.808 144.8432 120.8707 158.0973 102.4404 53.7263 36.46865 40.97388 60.11753 47.93302 55.20815 48.89307 32.56559 23.74852 23.36139 17.40252 14.57177 10.80773 9.437051 6.564489 10.56293 8.361513 8.946534 6.69235 9.830502 22.06853 24.20439 34.90133 24.90194 20.66821 22.71992 41.47676 38.89972 49.50579 23.90876 11.13108 10.74214 15.27945 15.20911 16.97081 17.03471 17.16586 31.49814 57.29095 29.90568 28.64512 28.72361 25.08832 55.02957 17.82135 33.86937 55.89209 15.33082 19.53197 17.66473
41.12994 23.33316 18.53254 18.02988 19.99012 19.13433 62.61751 83.52961 189.9311 133.1646 87.20745 79.95484 125.3335 180.5585 172.4299 255.8406 618.7581 539.0724 184.2405 211.9251 209.2705 91.44801 57.46911 23.83307 27.49092 35.31842 63.2356 48.86305 118.3196 142.108 253.0528 14.29648 10.22079 13.17073 13.59033 14.96912 17.88968 20.8308 12.34614 8.419719 5.878242 5.77589 10.44942 15.11631 17.855 32.19067 20.8344 20.6046 56.78564 51.1249 47.31253 32.68857 15.27396 10.9282 19.22853 20.93149 20.28217 14.53904 13.78601 14.25818 15.44059 25.98884 24.47118 11.203 12.39758 21.3518 19.27867 16.42471 66.20486 24.10022 13.71351 11.7279
51.83791 20.62432 24.94647 46.67017 20.33654 16.61121 47.829 75.13046 129.1954 74.51222 92.63168 76.36959 66.52385 132.4053 188.3142 305.2339 863.7991 749.9436 292.9737 197.6561 181.1565 130.3368 139.1619 55.21459 39.66689 33.07776 285.6931 46.21593 67.45538 50.32484 43.10119 7.850636 7.850636 9.65065 13.45256 12.9317 16.11643 19.04799 7.570809 5.825178 6.858368 6.557278 11.50828 10.81527 13.61253 16.27634 11.30874 42.92739 72.24799 52.30268 44.93648 41.1977 40.6307 15.27236 18.47692 17.85531 11.74182 12.02803 12.71682 14.10241 14.10241 19.44268 17.27497 8.448638 8.541903 11.07446 11.77022 10.67033 43.80905 28.78362 8.73001 6.327683
79.83471 20.45732 12.84169 18.05639 42.14005 41.90244 33.73682 45.16293 74.52718 91.25739 100.5679 78.43401 42.87387 59.81244 238.5582 430.9813 237.815 227.3869 150.2893 170.1607 210.0997 130.0662 78.09526 52.66284 43.29646 37.65471 45.14091 117.8239 105.3298 49.94114 31.45006 7.854076 7.851737 8.479729 6.386924 3.299598 3.414311 6.457392 4.991512 5.824791 6.768079 6.989145 4.009378 1.903795 6.0093 15.62451 17.9412 30.15288 49.01808 73.04601 46.39883 41.65908 33.29947 23.69695 15.46627 10.33438 11.09667 11.75843 10.3974 9.706265 10.24453 7.851938 7.91677 8.448638 8.129125 11.86424 12.83917 17.54168 16.75412 26.70729 4.14779 8.439683
141.7548 64.42003 37.64974 34.62011 24.13771 23.751 23.47161 22.64882 24.07636 66.21145 61.50497 44.38718 44.69188 55.00536 265.1407 185.8733 128.5809 100.18 69.31698 65.63295 68.24675 68.48507 134.9413 81.68223 61.03034 59.7424 103.5962 200.6649 153.9525 126.6888 43.28892 20.35763 14.62061 13.46505 8.85605 3.299597 3.299597 3.299597 3.299597 5.548969 6.989144 6.544907 1.976784 1.717782 1.428686 3.436708 22.21965 26.90451 25.69411 72.87581 25.02977 19.77098 23.29957 17.79464 15.21241 7.348117 9.538354 7.348026 5.035511 7.825895 7.664571 5.961525 6.627869 8.411471 7.648527 10.9016 13.00193 15.38012 12.39438 18.13914 8.973697 11.50518
50.58117 50.69561 63.15238 39.55799 37.20776 36.40171 40.71453 26.1159 19.55838 57.31657 49.62735 44.33777 57.46781 53.70007 213.6028 64.91539 102.5492 138.9145 63.1166 120.6419 102.3042 86.6003 240.4122 116.1001 84.91888 71.74885 173.2624 166.5613 115.562 105.2272 87.64381 31.61672 20.47262 14.65473 13.56023 16.09225 11.43234 4.11651 6.263587 7.938931 6.953095 4.804121 1.888645 1.599102 1.399937 1.346496 4.975757 16.67336 14.63095 14.61898 6.35909 5.684201 22.45166 20.11114 17.21715 9.330097 7.282459 7.221877 5.981347 7.043255 6.844778 5.54318 5.692402 9.117163 7.926763 7.710416 4.218294 6.853446 18.94561 32.24351 19.05362 12.09232
